1860
999
8701
7581
407
250
3857
6969
7099
900
2137
3837
8279
9398
4963
1571
9104
6877
9334
960
4818
7303
26
8959
8802
4645
3643
8302
5441
5601
4762
5480
5443
4353
452
659
6096
8205
7
442
3483
3790
9555
5181
1458
7175
2861
4231
1013
3081
138
6225
4218
6081
7849
518
6527
5012
3041
3223
1474
6831
718
5327
1086
72
9478
7113
6055
5689
1633
2977
7736
46
4248
248
6187
5532
7789
5036
4633
4021
508
6551
6082
1129
8640
8919
2655
4015
1624
1934
9334
2980
5627
8875
1181
6403
9227
7561
3859
1863
1142
6166
2204
3597
1554
2918
91
2557
9210
3785
7685
265
9700
3435
4739
2119
6038
8666
5704
4284
1384
1117
2708
9034
1034
9683
8776
3467
3689
5450
123
6910
3407
3585
8813
8546
121
4368
2298
4593
7981
7798
7473
5327
9211
5043
1557
9746
6147
7943
6547
5860
5927
1979
629
5462
2643
527
8199
7096
170
9827
3128
4807
2994
3562
148
870
212
1372
2367
9008
7421
5307
9188
6284
9384
8536
2799
5730
9231
8615
1176
6190
8335
4096
2561
9299
8620
3399
2737
2225
3749
7038
3730
5017
8634
2570
8376
6720
4331
3539
5204
4195
7778
6528
3143
3163
5571
7746
75
2817
9715
64
3470
1827
3303
9876
3936
295
1295
3971
2496
8431
1123
7330
3217
6333
3212
9063
3555
4121
8294
6078
607
2338
6228
893
4771
3394
4741
8266
8191
309
4486
8123
9663
7802
6072
7327
2762
7530
2691
9899
2698
5465
1227
5479
7149
267
2082
3482
859
8505
3998
7027
2649
6644
6876
8746
9086
6281
8869
6822
5156
7462
4592
9537
8337
2716
9657
1753
4710
8341
6224
8055
3688
7720
9077
1861
7053
2122
4755
2716
5049
5479
3882
7260
2442
5810
7985
719
4528
1305
3243
2976
8786
5629
778
5800
1501
8112
3154
9594
2494
8320
543
8992
6465
4227
5769
2452
1499
995
439
99
4309
6988
930
7711
1530
5091
284
8357
3587
7050
9232
6351
2864
6113
7947
7626
2443
175
1739
4586
4792
6850
5687
780
6079
1427
176
3292
9485
1469
2503
8185
6407
687
4207
454
2960
5232
8659
2418
4942
7811
8747
2170
9912
2315
7931
2173
642
9729
61
6065
9021
1571
1393
6868
8232
399
4481
1557
4283
4689
4010
8740
8694
6105
552
4856
4054
6305
4928
2880
1320
1453
1476
8491
1184
355
5027
5819
7932
5005
9919
6199
6868
9453
1555
3761
6517
2400
1413
3416
671
54
2184
2750
4716
7410
2885
5884
5330
1101
7835
8933
8874
7087
3188
6201
2209
144
2154
1387
5727
8876
5354
2756
3223
4646
9767
3337
1342
5022
7010
4475
2160
5221
3945
414
2063
6177
1902
8572
1581
6204
5818
6219
3340
4626
2962
1788
1715
5387
7464
3685
3332
1621
3716
6337
2780
630
9317
4998
6539
4336
626
4871
5461
1638
3142
2844
8984
1390
4380
9087
9103
1992
1479
9592
2805
9693
422
1804
5470
5275
3269
1200
5171
5393
1207
7604
7900
4678
4883
1822
2756
9983
2157
7573
7095
7312
3318
1440
6079
3906
7638
8125
7391
1558
9881
5894
8783
9785
5736
1169
2442
25
8810
4406
788
5287
9035
2823
7983
9549
843
8875
8528
7314
7577
3915
6782
7436
6642
8514
1835
1989
2309
7518
7447
2865
4713
5644
9600
9806
2385
2099
3102
9181
7487
2990
4846
8272
1718
6624
1165
9029
4036
2132
7512
3554
640
5299
5746
2065
3281
5594
4326
6846
6800
6394
7309
1054
4894
8577
1473
9299
2696
5178
9427
5006
5162
320
1595
3188
9858
5401
7086
7923
9927
7857
1252
566
5642
5956
6714
3976
2027
3424
2278
3254
8367
2249
2682
7832
736
3647
5738
5217
5702
3822
4897
788
4629
4517
8705
4586
1830
2217
5817
4833
3675
458
5340
391
5725
5717
5616
9736
6904
9196
1236
1700
4810
9876
9078
5925
2248
9021
3315
1919
353
1511
6192
3608
71
7379
7897
6122
9323
4663
8
9383
2904
9095
4328
4173
1811
7248
5418
4170
7793
4854
168
1777
1706
5201
7976
1853
1901
2083
1316
5638
5075
7325
4263
4338
904
2691
7082
6094
104
5933
2737
9453
6630
6608
6815
5999
8131
6044
7825
8661
5341
486
4857
6021
7942
1449
9594
4858
5255
3897
5364
13
4372
5945
8800
9337
7937
5149
990
5739
6949
4818
1356
3945
798
7821
9291
1830
6694
433
509
83
6053
6469
4513
8839
1254
7445
2882
3505
1406
279
2812
6093
8827
2113
993
5990
8905
9738
9467
2636
1483
2942
1955
2790
1047
4006
6130
5033
1123
7111
9877
9097
8895
4089
2390
2047
4387
7611
1065
4620
5307
725
2292
2334
4032
6175
5235
5473
1240
9584
251
71
5872
1993
9357
9706
2714
8419
8525
6385
50
7302
9379
4625
9765
1084
5169
6566
3396
6437
567
6051
4373
3948
3092
3527
1659
1305
5726
9984
9303
9801
3428
436
63
9259
4353
6669
5294
5228
1091
8533
5419
3366
5661
9379
1487
2708
1882
1796
417
4009
4852
1134
2948
642
9620
5712
9461
745
9866
2750
7149
7483
4206
3532
2845
4860
7544
9449
2443
3354
798
1534
2487
7727
9644
7094
6579
2363
3913
3473
5363
481
3351
2532
6769
7952
1403
8499
196
8870
3790
2481
7458
3408
5683
9335
8020
7284
2730
6531
7513
931
4196
5619
7053
8409
2680
9763
6187
8199
534
7507
1457
7140
4234
1165
9571
6703
4786
1669
2707
4583
5139
9986
911
334
538
9692
1003
2316
9679
1270
3553
9776
5726
125
8230
3501
1465
402
9455
4818
600
1685
5235
7033
4403
6210
947
2469
5073
2417
6375
5158
3057
3256
9579
4703
2106
8323
6682
1338
2430
1431
538
3690
484
7332
1208
6689
4822
8586
4149
8803
3624
3965
6546
7114
5035
635
2951
44
8848
2572
6666
3466
5424
2380
9694
4938
7772
4662
7098
8567
9297
2417
2604
2919
4846
1391
6189
4494
4153
9379
503
7650
1470
6947
3013
1630
3273
2895
7337
5130
3351
8609
4051
2443
6088
165
2721
5911
1112
11
994
1052
1790
9578
816
6929
4148
8327
9453
6269
6824
6102
2908
3607
1122
640
8340
3197
7767
3543
16
8185
941
1638
7851
7857
3169
8748
8747
7246
5285
4778
4266
1439
7390
9290
5933
4399
541
9875
7822
9732
8940
1403
8221
8138
1915
6924
9543
4495
5899
3082
3829
8880
6332
8483
5161
1076
6290
5752
3092
6711
1341
5084
2283
5210
6153
4490
5643
457
1298
4108
4202
7133
5340
649
1921
3619
1075
5086
8647
1036
3791
8577
8543
7798
2122
6770
9157
3532
5508
9826
2468
6826
7142
1688
2028
676
3030
6370
4562
2214
1579
2041
9273
1854
2370
8537
4720
9946
5408
4591
9291
1164
9065
5347
3622
3045
3264
2600
3559
5025
687
642
3284
9327
1209
1687
5493
1748
5551
7145
1467
3232
3360
9331
7025
113
2340
2482
8722
695
5147
4006
124
4360
8081
2505
2691
3636
9830
1184
2632
5419
4891
1663
8875
2398
2718
657
3519
9636
4442
7288
7597
750
7577
3506
4764
2653
7372
6461
5728
3122
108
4844
3104
1862
8705
7419
9069
6107
7011
5135
3951
7411
5456
4610
6737
671
9357
3277
1953
3915
6400
3830
8353
9528
3677
2269
337
6890
7248
2706
4465
4771
9691
7721
9041
6047
7536
8480
236
2370
2352
7248
1172
2063
2917
2226
9599
763
542
1636
2723
9761
7929
9292
6062
5238
7302
7965
7673
2000
8792
4472
3357
4099
6719
3428
3751
2124
7141
7873
6136
7393
8518
9417
192
7736
7619
1048
8812
5736
9736
2461
3837
2414
5965
9986
2748
5536
6442
7577
8475
1063
2030
6039
2221
6008
3602
166
3592
5363
4361
6037
5338
1521
8827
3714
8522
1159
338
331
5425
7872
5524
9889
8312
7178
1715
3247
1827
7295
8674
5498
4991
8919
6793
5480
3336
7388
634
8006
6542
9406
4772
4437
4409
5384
6183
6852
4218
6355
3354
4196
180
8665
9914
2696
5243
7725
5124
7435
1948
3833
9461
3527
1085
7080
3344
6355
5910
4341
464
4428
2817
5187
2686
8328
8541
4991
5844
183
3113
8483
451
3947
7983
6061
8962
9833
4271
3327
7640
1935
382
7687
2157
2569
94
8818
6220
8783
544
9421
859
1554
1479
2012
1150
1223
2623
9406
953
5234
9886
1
9684
215
666
7218
9380
2124
8347
552
6679
1619
2401
7842
2464
2007
9737
5773
8693
1141
3069
4394
4709
1678
9370
2016
253
4889
1238
302
2541
8174
4225
1732
9543
1888
5291
1282
231
2267
3735
4336
1161
686
9134
2496
8439
2026
2743
5185
2
61
709
246
20
8968
9409
7398
4980
423
362
5173
8457
4274
1899
1795
18
8879
2012
5540
8469
8667
4475
6912
8742
8825
4172
4603
3258
1290
2382
4359
9197
8734
385
4408
7153
5001
2293
5960
5657
1641
1204
4125
9973
4519
1987
9448
910
2124
1748
335
628
1606
3456
1646
1349
2284
8035
5257
753
4798
8009
6197
220
8608
5944
3528
1588
8761
4797
3869
3044
3382
6363
4780
5176
1764
1345
8474
6914
815
1276
1389
3901
468
1341
1971
1343
7262
940
3076
1572
3263
2285
3668
2360
9388
8162
3470
9461
1103
4241
1821
2175
2583
8135
1212
2812
738
2909
3793
5304
702
2603
1941
2295
3117
2106
1384
3660
4823
7262
7586
1482
6500
8420
5341
9801
7338
1975
9313
956
291
1257
6112
1280
595
209
3940
1207
9113
2928
389
1014
5796
1897
6143
6012
984
7504
4515
900
5984
5537
301
2444
1734
165
8151
9303
4209
7552
9820
2448
7535
9790
4174
5633
867
4272
5468
9346
6432
8193
8846
1557
8359
5022
5667
6530
3981
902
526
2703
1089
9534
1948
2162
828
4584
793
826
5546
3684
8500
4362
7608
8791
7968
9240
7871
7868
1980
5797
9648
505
7044
4877
4447
9235
329
1522
5589
7908
6944
1908
433
1644
2471
2836
5823
2053
8637
3065
684
8860
2546
546
8233
6061
5052
9309
1566
6542
7179
4248
352
8815
4000
422
1142
4255
4698
2708
2232
2979
4128
1164
9177
6723
5494
5178
631
3493
8810
6221
1680
4031
3902
7200
7304
2711
1355
7322
5704
1692
147
6275
7545
1547
8792
6376
6545
6731
2556
768
4973
3882
8040
783
9664
9323
9393
3323
6571
5904
9576
1998
7150
8773
2656
7340
9053
7629
7333
9029
5062
2721
7483
8573
2098
437
3333
7962
7019
7469
4136
4894
2285
625
4703
885
6335
2621
3456
6529
9604
1292
2030
8068
9501
5126
6417
173
7889
3015
7347
616
2672
7650
5004
4655
596
1606
2368
837
2713
4207
6119
469
4511
368
2973
4790
9118
2256
4491
3634
5865
7747
4566
3607
3861
4827
9239
4493
8396
4382
7515
5305
8125
6969
9436
1457
3191
5109
9007
4929
7574
7145
7167
2462
2172
6976
74
7321
8964
797
218
1367
595
9436
9479
2062
4687
8235
8859
4210
7029
553
631
2289
6502
5325
2260
1035
5746
8154
892
8902
5496
7873
9625
961
427
5928
526
4808
617
506
7574
8807
1977
5536
825
4546
1923
942
7766
2821
2117
8128
8477
9495
6674
9830
1404
9493
3229
2958
9565
156
5239
449
590
3942
9078
3249
7217
2313
1542
7810
8245
2924
7300
1301
1029
4748
9304
2701
4895
14
7699
2556
9511
9125
8538
3453
6781
9126
786
5048
1100
7594
5516
321
3605
8965
2562
8273
5868
869
4067
3290
7600
5804
6795
5301
3649
9553
8823
7423
2861
9524
4152
4291
9484
9345
246
2697
6445
1815
8198
496
2704
1626
4367
2631
5893
4245
8265
883
9493
1316
471
9996
4688
1888
2567
6648
1238
4588
6264
1484
1802
2976
2027
9872
4212
9828
973
4386
1509
4560
2660
4222
6113
5858
2551
4989
9432
7583
9907
8732
5013
9389
4059
7903
8843
7968
1360
7765
252
2516
5666
8188
9997
9883
2053
9144
7878
6214
9223
3345
5694
9481
465
6155
4199
939
7389
859
2645
1899
4151
1094
1108
3401
7463
8379
7547
1492
93
8852
9980
3664
2093
5000
3246
9339
4062
9733
268
1183
686
1325
5775
1050
6392
2302
9897
716
7224
1703
7636
769
2302
9480
3131
4865
3266
8025
262
6724
327
6189
7004
8169
7170
3544
1028
1096
5293
5342
8461
7847
5911
8702
9439
4394
1551
6448
1745
543
5889
379
1261
1817
7535
7018
5424
6795
6148
2063
2902
4119
2725
9369
3510
2135
8009
3442
9273
1724
395
2988
5137
9125
2637
3853
824
4227
1694
1224
8342
2810
6543
9438
6824
8858
5971
4613
9005
943
3510
3720
8898
5414
6432
8527
2816
3170
9977
176
1428
1213
1423
7462
8576
5602
693
6545
8817
379
8287
4270
1121
342
7835
5593
6845
2526
2834
944
9417
567
9312
2073
4290
8537
6927
7111
4
4849
5003
1689
6318
9141
2306
6868
7123
438
5402
3474
5986
7803
9127
2074
2648
4699
9437
5250
7524
1339
3523
6307
7803
7657
233
1436
942
1000
9867
6345
1289
2254
6038
86
3053
202
4379
5390
7488
7225
5874
1033
4115
6571
9425
6133
2788
7249
2044
4515
2581
6170
8079
3238
909
175
2282
280
3326
9899
2780
3534
2951
1967
4291
2701
1658
1445
9155
4989
3680
3827
9477
9772
4204
1874
7330
9558
1469
2560
7377
8116
3880
5779
1181
5890
5542
5887
9722
4006
3434
8521
3369
9294
6869
2077
1994
5496
4141
573
7249
936
8075
4075
1837
9942
6469
6794
101
470
9756
1167
947
8780
806
1277
7686
655
6878
226
7842
2173
2474
4204
6747
4783
7757
1104
2402
4127
8958
7644
2222
9047
3114
6075
671
8716
342
8457
9632
299
8775
7879
6523
7859
885
1666
1553
8307
157
5663
185
2341
8102
7706
4361
1707
3158
4607
9795
3944
3782
5064
6738
3987
6835
3897
886
7432
8935
184
763
1023
2488
1776
1664
9169
4702
2760
9687
9096
683
3408
6856
2390
1654
6604
6140
7849
3448
9652
2247
1693
8267
362
868
5427
112
3118
9479
9889
7344
7647
207
3466
4917
2370
6651
7919
5450
6568
8095
4885
4896
635
679
6505
6450
9129
1115
6002
4603
6501
6083
6582
2983
8954
7629
9119
9415
817
3405
4047
2649
3333
2084
3458
3992
3445
3860
4548
6607
9146
8498
5315
9300
1561
3805
9189
563
3099
2959
572
2663
2459
5890
4745
3248
5840
9140
8592
8514
4508
4478
2027
75
3156
2385
5681
2167
288
8386
888
2567
7205
6184
568
463
834
6643
2946
207
4216
2751
3745
9269
5262
2809
6480
832
6675
2162
6221
9544
7045
1698
1180
2364
2610
4511
7054
4732
4157
1885
8468
9705
2579
2152
9678
553
142
7856
1673
6351
6073
1748
8249
1659
2454
6243
1779
3950
9469
862
9390
7473
6181
3394
4714
1478
7848
2037
8882
5342
7810
1503
2974
3612
9450
9275
6685
107
4372
7133
1729
3644
9078
3078
7355
7138
4778
6614
4792
2802
1812
2353
4332
2868
6708
6150
6606
287
4606
3180
4708
485
2744
8173
2561
9098
4355
7832
1708
6955
8222
721
866
4252
4295
4508
5951
5843
1716
2602
2137
4035
1953
2851
7821
3595
2154
7573
6687
3649
971
8027
6924
6713
1959
6626
4002
1882
1718
2744
8179
1762
4050
7589
6533
5721
7908
1215
8397
6276
9786
9448
4589
3515
6028
443
1644
5885
7551
6296
7253
5634
8457
4075
2931
6178
7190
7076
2075
5204
3851
802
4538
3561
4025
6033
5873
5882
2916
8550
3438
4239
5941
648
7085
3553
4220
1698
1966
6034
3898
1974
7529
2300
2622
8996
1743
6632
8910
3531
179
5984
2649
7279
3610
1446
3515
7068
190
6247
8512
970
2057
3898
1404
7953
7024
5677
139
6751
4429
1474
3700
5288
898
614
2451
2333
155
3123
6328
1024
4179
358
5130
1015
7689
115
9391
1039
7717
2007
7936
338
1318
9487
1673
6908
5966
3399
6975
5915
9056
1398
8197
7941
440
9528
9280
8271
9964
1835
5690
5611
1330
3678
3428
8257
690
4327
7263
3777
6381
5876
7852
8695
4366
8069
2674
6848
2399
6680
8577
2445
8111
6132
7365
2662
1700
7210
6797
1169
7356
6248
908
1603
4120
512
7568
965
1530
4442
7009
2139
8270
1477
1740
9953
2119
7843
7377
9830
7276
9158
5609
398
9939
8837
8220
3203
3308
8276
3810
7260
3522
5443
5704
9872
3661
1877
9925
1901
7979
9187
1710
4004
5168
7186
6503
8199
6044
8771
4716
7238
7404
6458
2159
7846
8963
2737
5441
4339
4667
2094
7014
2951
5734
1330
9764
6780
6298
5235
2461
5070
2812
9052
8718
1045
3020
5059
3095
6626
914
1948
2363
5943
359
8956
6362
3660
4616
9425
3518
9103
9334
3408
2690
9291
6273
4190
1514
9709
6998
2803
558
819
422
8428
4121
3189
233
6368
8658
8601
355
4070
2264
6610
9574
2405
2547
2424
2408
555
2905
7086
9495
18
5006
9200
9034
8832
880
2603
8729
478
1954
6897
208
1771
2742
4157
6608
1602
7153
7669
230
6361
2329
8158
3712
2843
4626
5059
1165
617
26
601
8101
636
6018
5773
153
8430
3758
4895
316
3370
3967
1235
2114
3601
8143
3157
1639
463
7659
3709
8020
8413
1976
6067
2829
9992
6095
965
255
2465
1115
1287
1192
423
4598
6746
151
1762
3086
9808
3046
8577
4573
8095
4932
6806
5386
5956
4520
1872
9914
9546
675
8186
9355
1307
9446
7250
3874
5877
9588
3485
67
9041
5577
9289
3041
7264
1787
7667
4999
6055
7903
1337
4102
222
5231
7107
1040
9347
8603
5662
7700
2643
2302
5400
8587
3100
242
8307
1699
2940
5158
2196
7817
2014
6687
827
460
7111
1133
7816
4368
4444
32
9948
5233
9463
2890
286
7640
2841
1398
1951
994
5105
2010
6448
3599
2766
6057
2226
6729
5474
732
9950
4038
2151
6882
7846
3855
711
342
2251
3106
2966
1504
849
1301
9538
1102
7728
6460
8047
5651
1773
9356
3676
3921
2248
5985
1578
196
5591
2941
8670
3391
8162
4370
9652
987
2368
5346
9894
4876
5539
9093
4478
1319
9696
2459
9881
833
3650
5810
9292
5498
8142
4698
8043
9306
6553
7143
7367
122
8665
4967
5128
6294
1082
1493
8508
7985
2867
4941
1135
2442
8920
3409
9019
941
6897
2283
9025
1901
7866
4435
7465
2001
4988
9588
4231
1677
4252
1674
6223
5763
3698
4255
2089
3145
4093
1287
968
1020
2566
2231
1080
7893
2626
6941
8726
7691
1003
8396
2917
4666
3025
8119
8942
5922
3757
641
1207
7859
4759
8450
8023
5671
6617
5677
4201
5424
4339
1135
5839
5701
5600
9162
8249
2791
793
6547
1223
6888
856
4616
4907
4494
1840
8614
6658
4949
2347
3434
9812
7987
1396
9543
8137
863
8102
3688
3519
692
2868
7158
4650
1795
8091
1100
8572
3079
4853
5049
5157
8013
6208
4341
2987
8371
2622
6408
9037
3696
2333
359
8293
2741
6474
4065
1261
9282
2513
633
3972
9820
8025
6980
5489
1534
2606
2998
9846
2478
1838
2312
2968
7473
6025
556
9790
1057
6514
3492
1065
941
43
3392
2307
1650
1744
7095
7579
5801
3427
8440
9663
1457
984
9729
4699
3006
3697
4928
2817
2482
7149
8631
5353
3068
1260
9669
8124
7854
262
3363
3211
691
5485
701
2150
9249
720
2450
5530
2219
3634
6925
3801
330
4058
7733
2416
2300
2364
9313
101
3437
712
4112
1264
598
3777
7672
9900
148
6209
8254
9742
43
7883
7269
5525
618
2513
2682
114
4496
5143
3792
8074
4479
6855
359
9801
6895
8823
9235
8954
6231
824
9289
1748
7256
192
8445
9975
7098
1227
3594
5944
2396
8445
3202
9241
2453
4603
151
7356
1056
3642
9096
4969
6952
9048
176
734
6736
6970
4588
6807
2294
8614
1740
2270
4393
9106
2683
5076
6713
556
4626
8129
8702
2059
9258
5817
3691
4534
2113
1536
4484
2340
2479
5454
2414
1443
6792
1190
3158
8221
5925
2964
3604
8040
2239
3158
5825
7261
43
9340
4776
7804
9789
866
681
2829
246
9646
2115
2682
2863
2421
7059
5355
1467
6835
536
2146
3015
5402
7193
2136
8918
6906
985
8664
5835
226
9529
6155
8693
4311
4847
1107
1794
5283
4214
9612
9933
6991
6054
5023
970
4644
2453
6025
7013
2125
7070
395
3157
321
6801
3028
8822
9985
267
108
9079
317
3176
6498
2993
636
2102
2505
3786
7995
6572
9406
3369
7061
1611
7597
2666
20
9571
6900
8580
679
8313
9960
3034
4996
6871
7191
8783
960
3364
366
1725
1293
8598
5452
9655
7443
9494
3030
1485
9411
259
6732
6256
935
3738
2044
9527
2462
8708
2518
4594
2023
1103
208
4429
1195
1986
9067
7063
6000
2732
1957
7795
2043
7324
6624
4974
4661
7750
386
3811
8194
1940
9791
9419
7102
7931
5604
5257
5833
7088
3862
293
5861
8363
1643
3399
13
890
7846
7047
3144
4137
1305
7282
2478
7809
8373
5904
698
9214
2342
5651
6801
2438
3229
8802
5922
7463
2814
8903
3326
4400
5595
6038
1002
3554
6528
1968
2498
9256
1938
4471
609
3893
2129
7218
3535
2669
7205
1747
3065
8471
6728
6167
8711
2273
6448
2701
698
1685
9344
9947
6389
1722
4367
2845
893
686
8265
6432
6260
2451
6197
2958
1250
4391
3751
5067
7173
6985
9911
4160
6683
8952
4210
6021
2893
1662
5294
1764
3839
3261
8164
2139
7493
9833
1577
8546
7464
7078
3085
6286
5464
3
4697
5718
2564
5800
5554
5332
6377
7228
4195
5454
3880
1865
3818
9078
411
2212
9297
62
696
2632
7840
2432
7366
9202
4001
8861
672
6131
7284
5300
7001
1137
725
3845
2223
1599
5290
8487
2386
9566
6977
7527
1623
35
7418
6242
2280
763
9968
8484
5726
6317
2542
4818
3298
1695
5935
7397
4495
3484
2759
5976
8781
4772
1248
6324
4234
5812
775
6506
3001
2631
7161
7393
4288
2989
4168
4384
3308
12
8035
3038
3560
1380
6500
2024
8062
1639
891
7347
3709
9161
7004
9555
8044
1220
7988
8955
1086
1311
5426
7334
4278
912
7331
9957
8124
7407
4366
9114
2097
653
3442
388
3471
5430
9548
9980
8229
7523
6061
9791
6034
8194
7580
8781
1983
7721
9112
962
4370
8745
5489
419
7760
6896
2055
2475
9555
2210
8371
7542
8268
4777
2581
4014
2139
2154
1581
1652
1389
7529
7854
8161
9365
6160
4879
5134
7118
3980
9236
1153
319
6537
7277
2248
7088
1695
2350
4555
2412
2397
6606
2749
9704
4165
5524
819
8115
8552
863
8745
6158
4003
4660
3777
5166
4714
4894
8829
5456
6628
2192
687
2572
4727
2703
6975
5853
4422
8446
6461
6864
3512
633
7623
2539
7531
2631
1757
7360
3864
5722
6163
2177
6217
8552
311
6150
8824
9215
1587
5565
3690
1028
4149
2178
5596
2045
3022
4208
7276
9792
5272
1558
7180
6539
9947
5005
7746
2406
3970
8777
1715
86
5849
4574
5906
3587
6554
5829
1235
6731
1096
1503
5653
5240
171
7593
271
2880
5854
3328
3226
2285
1493
4247
5567
1548
83
2519
7379
5337
1419
4839
736
7947
8485
7804
8966
3035
6419
6194
770
4699
9316
8347
7165
9077
809
6376
3192
8385
8599
5414
1094
3803
5212
90
8620
2948
1589
9825
8692
1128
415
3729
104
1665
717
1812
2685
1082
8938
8342
6797
3206
6943
508
2570
7697
471
1799
3808
4567
1424
922
4938
5908
1637
6120
2360
859
9530
9922
5343
8700
3464
8272
610
3664
7930
333
2351
2198
5495
776
9229
2403
3408
9576
3141
8245
380
703
414
265
467
4099
2974
2142
1096
2313
6125
1002
7706
9602
684
651
9884
395
8054
9200
2548
5360
1877
9001
2593
9409
4057
812
6881
2007
4309
7082
721
8408
1850
9921
8902
217
344
2499
6268
516
7026
9159
8653
1147
529
1566
8580
7739
8780
6361
2963
5444
4871
8858
4625
2024
5049
7016
7032
4210
1202
4246
2958
9337
7501
806
7570
37
1890
6186
490
9986
1023
9483
9179
3395
9320
5246
4648
7048
5213
4372
766
1858
7403
2816
1104
3814
2054
5199
9502
1921
5877
1763
1979
5323
7294
256
9887
879
3843
1627
6682
4618
1853
655
9291
3442
3961
4705
2768
2473
320
4215
126
9666
1403
3909
8356
2915
5462
9608
6971
3595
85
3639
2256
2838
5
3975
9701
1087
4900
3693
2884
2949
1027
8025
3270
6641
5514
3873
7204
2807
3149
779
2876
491
6798
4384
3365
3798
8980
2861
5318
4249
4202
7564
8916
5761
9418
499
2363
7259
7916
2010
5024
922
1673
1475
6900
7671
7509
6965
5643
9785
7757
3481
5118
1445
7677
169
1005
1111
1317
4869
1929
2690
6605
7673
6673
5380
5398
5660
4731
9790
8211
1577
8614
4658
4696
947
9165
1166
2097
6341
5358
1480
7047
104
7228
666
9519
1944
5730
6912
8339
3913
2922
447
7061
2853
2589
4856
8352
9194
5163
4558
2497
450
9821
2149
1543
291
3321
1083
6663
9112
1509
6139
1699
6799
16
7311
3036
1301
7118
2358
2613
1103
5922
2839
2266
5674
7153
7525
4769
2597
7988
6771
4415
4829
1630
490
9742
649
1359
9640
9982
6072
6072
2187
5706
1480
4096
1567
332
1816
2631
7092
5555
384
57
1747
5844
7919
4901
8594
8911
8501
9038
4359
68
5667
3217
8025
1830
5999
1240
7309
3294
9996
7215
4384
6371
426
517
176
5976
1818
6550
1552
4662
8532
422
1771
3884
3356
6560
680
5588
2370
112
1807
6953
7594
7806
6668
1958
3148
732
1121
2000
108
7153
3201
4310
1052
7367
2602
5927
7777
9346
4658
2437
2388
851
4070
1097
6665
6908
6575
8456
2501
52
9094
5028
4459
6508
1272
2054
40
8035
3597
1194
384
1528
982
7915
2536
5934
2102
8610
918
5541
4435
7465
9926
9446
829
196
46
4143
8174
8946
7252
3664
5521
8415
4863
8325
3032
1822
6379
85
1049
4599
176
8330
1945
1659
5189
1778
5724
6607
8914
3077
6315
1640
9187
280
9719
9748
9380
3282
317
9034
3353
1725
3115
8162
8316
4607
4386
2583
5773
857
3580
3932
9125
2368
3247
3325
9387
9194
8771
9432
5883
6715
3137
1868
5508
1697
4973
785
4225
9997
4181
6776
7594
6515
458
2243
3548
9059
8574
7896
9126
297
4014
5075
549
4641
3923
5706
1106
1216
4804
3525
699
4639
2382
9437
896
2473
9078
6803
4430
9543
6654
3540
2369
7354
1622
1100
1269
505
4549
170
174
9851
1737
8067
6985
2967
411
441
3619
2378
6710
7788
3144
9081
8937
7873
6350
3959
5547
7155
7987
602
6495
5703
133
3993
4472
3797
8641
1192
367
2356
1021
1400
9922
9876
7418
5816
3791
2482
4100
5953
7330
9751
4988
8464
9563
4018
4008
5173
8915
6424
4873
3132
9873
8489
8941
7689
664
1860
2038
4650
9795
718
3835
2167
4468
9935
2814
1245
2552
1789
4254
1180
8831
2173
7213
5262
1195
3559
1605
2169
7512
3354
4278
6054
2059
7664
5219
3970
109
3747
4286
7829
170
9296
3617
7042
7828
9067
591
2430
7054
9939
1385
4341
1638
9207
21
2601
5410
4425
6941
6972
7919
6386
1844
5104
4038
2310
9918
4332
976
2073
192
34
4539
979
965
5183
6253
7792
7379
7667
3368
7979
1166
4914
9967
1932
7291
8730
8424
6159
7879
3110
4978
887
5193
8369
8665
6514
2358
1775
7992
4687
8244
8457
7823
3662
2081
1720
8709
6327
6260
5908
1135
4109
9331
6652
753
6660
4887
4249
3860
3313
3421
5614
89
3617
8399
4595
3437
5981
1923
5267
1374
5292
1682
4338
9581
4089
7691
1587
724
6279
2296
2920
5706
6002
8914
2043
7493
8328
657
7645
2751
6519
7094
5486
2907
9337
9213
4876
3258
6958
1901
5279
7897
56
4658
7876
6782
4013
2429
4616
6083
1720
1465
2360
1538
177
6849
6775
242
1566
593
4224
768
9722
6331
5228
4113
5894
139
5429
7671
701
1804
6556
7058
7612
6076
6089
3802
6801
8221
449
2362
882
30
236
6030
6466
4602
6343
6241
705
8207
2712
5456
1873
322
6081
2643
1904
2896
4822
861
7314
584
9810
449
5214
1288
8343
2424
8061
2597
7460
8160
1694
5167
444
5687
2478
7540
9445
7593
4230
3459
4190
7302
6309
2164
789
3992
7375
2886
9511
2723
214
1721
1721
9613
2584
9326
4663
3536
2250
3148
2763
334
9012
500
4768
4421
9132
22
9047
9123
7559
5525
2090
5899
5837
2249
831
1912
6476
7492
8304
1186
7824
1528
3240
5423
3602
6742
7424
8203
4366
5834
9436
6763
9082
4405
9039
6319
660
5850
1318
9446
3035
4494
7732
3782
4881
6570
9193
8412
5838
7778
5128
961
184
7451
4057
4238
1843
3769
1356
7665
2724
9446
4832
6352
618
6170
2515
7341
4606
583
6698
5435
8234
740
2019
2593
2873
3949
2057
9292
3486
9561
1800
2025
9575
1468
8130
6211
5043
4317
1841
9498
641
74
5038
1797
2027
2603
6802
857
9059
5381
4363
7754
3821
5552
6512
6913
8094
6043
9880
1375
2675
2335
9720
8370
7124
6689
7084
2517
634
2587
1081
4220
3055
7709
4880
4049
3109
1424
8629
4872
2650
7004
4992
8090
1227
6667
2355
432
6599
7341
7390
9742
8053
7581
8176
323
4503
3524
5119
9821
5745
5388
4698
9762
2677
4103
684
7852
6129
2338
9843
4805
7324
7812
5234
9156
7740
9339
1348
4246
7756
698
2515
6032
1196
3227
1576
84
3929
747
9635
6883
8895
5350
2364
3154
8300
4913
1979
3439
4742
1495
1878
3478
1104
229
6009
9151
5881
6970
4875
2394
1477
6265
1918
142
6145
3650
3911
1102
6465
4432
9535
2414
5532
7715
9945
1604
954
321
869
7602
5069
7032
6820
5587
9790
9512
1437
5604
5097
479
9440
5253
3755
2564
6537
7456
5563
5208
2598
4857
2647
1786
9692
8918
6337
8010
7352
6962
6058
1648
4354
5388
4620
766
1878
3237
2494
3747
2678
1530
3460
1697
6666
6143
8358
5410
8810
9917
4578
710
1869
1308
164
4544
9251
5461
3380
5443
7920
1249
4033
278
2009
102
6141
9263
3844
8708
8873
9391
6859
970
9811
4442
6066
255
7900
1755
1610
3262
783
2181
3844
9520
6175
8348
3321
6592
2896
2901
4570
5596
8617
7660
1076
4376
3768
7237
166
3383
1894
2965
9846
1756
6077
1745
9504
7421
7239
3079
4848
5946
4857
860
5763
8733
6688
597
4057
658
6346
3562
8110
1304
4089
3608
1369
3561
8563
9686
5108
8823
3373
3819
6237
2743
9418
3086
1196
418
2846
4765
9942
2985
1016
4434
9985
2826
1023
5363
4042
1489
3820
5977
8932
1552
3577
772
369
9569
1288
9756
6357
1227
4599
6907
4905
8276
6690
9929
478
8358
6202
6728
1506
421
6565
2577
1224
3087
3509
8478
131
9477
637
6218
8083
5226
7986
1862
2596
7033
2398
8110
1186
1436
8475
7243
3458
2026
3374
4650
109
6064
7634
4477
5662
5316
6806
5872
2078
9909
89
4142
685
3271
3510
4037
8964
4782
5995
7960
8537
2681
8206
9092
1987
465
8449
5445
5471
386
7413
7145
4130
233
5246
1893
32
222
5670
2423
1964
9396
1716
2155
7264
5311
8846
1170
7328
8389
5132
7441
2954
3192
8559
3494
6272
3971
5746
7727
6026
6307
6448
990
5
6664
454
2920
3745
1484
2314
4014
9258
6755
5421
9614
5700
9060
7213
5802
6812
3319
701
9816
6573
7343
6393
4092
9441
9482
437
371
1705
998
9509
6209
7550
9638
2451
1566
1896
4774
4524
1645
3615
4603
6012
1981
6097
702
4411
5331
3411
4251
6855
1895
8859
3861
9876
2878
3709
1933
370
2488
7829
6690
5327
4811
1701
2539
4812
7440
8319
2947
5315
2764
5349
2964
7145
7553
6222
8519
2097
838
1004
8810
2754
6085
780
803
1337
5524
1950
9204
3938
1558
8454
6640
2323
8018
2513
622
7817
8516
1116
8187
9096
9571
7122
6500
7485
7459
6420
6277
9926
923
5822
8187
868
7626
4808
4481
31
2454
4922
2745
8379
5125
6371
664
315
3503
9628
2087
6131
7300
7128
936
9969
2410
2255
7286
4543
5657
7467
8768
3410
5099
9218
9287
2519
4590
9382
9462
4911
5004
202
9713
8712
797
5878
8529
1582
5387
6108
2544
2193
198
9163
8191
8969
9145
884
2032
839
1709
4411
9041
8830
2092
4896
3654
8498
3417
4447
1338
1856
9262
3253
9143
7726
7318
2773
9332
2564
9772
1834
3934
6219
8148
1533
6907
4053
1320
1032
2091
510
2469
8268
9471
8321
5384
4448
1935
3981
5075
1452
5030
8138
7765
7429
241
2599
728
8825
424
9398
9212
7341
3916
42
7684
7285
3362
111
5232
5845
8990
2699
8699
7093
5155
3715
2134
4586
490
1921
1668
578
5410
6261
2263
2896
8551
7210
2667
7306
182
2379
5474
5519
9247
7733
944
6508
2092
1726
5319
3585
6130
7094
2918
9376
4981
9309
3181
4373
7552
5813
5365
7980
3909
122
8189
6015
8098
2591
7608
224
8005
4267
9541
1606
6866
4980
5663
6955
1426
7642
775
4869
1550
2231
1550
7875
8860
790
6887
7995
457
2466
3932
1313
2984
6080
8496
7194
9242
2015
5621
8322
4318
9214
8847
8731
8347
9712
6873
6184
5180
3532
6
969
9003
1655
5547
6855
7729
3542
2523
7522
5020
1998
5202
2504
3347
1887
4278
7497
2518
4833
6843
9385
569
8301
39
5142
9906
1471
5206
4955
3729
4763
638
9972
3040
525
6996
6547
6315
9877
6881
1843
626
5075
2608
9450
9500
7760
1385
7572
3103
941
7011
8861
9229
5071
8981
8671
7936
7580
6894
5534
2938
863
1205
7856
6694
9010
8051
1457
2067
6268
4897
3269
5138
5673
2412
6015
4206
5306
4880
1490
812
3548
4691
2006
3795
7229
753
7806
7933
3132
8233
4455
5230
3825
7765
5715
4869
589
927
9287
1761
4418
6259
6466
2757
1078
6480
3103
4015
8597
3507
7372
8406
9173
1285
7276
6018
9406
6883
3386
5568
7609
3887
1456
1286
7031
53
2534
7108
9286
3441
2014
428
4656
7103
5680
2323
9124
6738
7586
3736
5865
761
6762
4980
4880
6560
167
4211
3162
8115
8604
3922
7194
8584
7775
41
796
4253
4113
7596
7973
4543
350
4124
9773
2781
8584
1155
5419
716
5071
1968
5039
1052
788
9807
8278
2043
3838
4941
9753
1641
7309
715
5223
9884
6156
4224
661
1301
6908
692
1763
2178
6511
7162
3953
5093
6898
7374
9953
8773
2671
5568
8206
771
8466
9567
286
8704
6794
265
4596
6637
162
5537
4505
947
8081
355
8028
5813
2495
5397
7383
962
8681
7646
6612
7823
5766
7579
9424
4101
6234
5183
4383
1062
1163
5579
7904
3734
2435
1566
34
8728
1254
8159
9463
4998
3765
441
2296
4389
4801
5350
9338
2808
6547
4703
8559
1203
2684
1939
7679
2723
3112
9718
7817
8445
2601
3803
5909
3765
1201
8486
876
2752
1488
5755
2298
3627
4927
283
1490
4541
2875
8832
5442
2458
1302
5718
297
1914
267
1869
8039
9033
6625
6332
5844
6960
9922
7609
2387
7189
7804
8918
552
2766
2423
142
5752
5724
2024
6704
3328
4069
885
4298
1289
7490
106
1867
6490
5850
716
6818
5439
1950
4364
1514
6568
9864
4319
7770
8741
3534
4619
4552
496
9275
2436
2239
8651
1311
4248
4785
765
6149
2583
2078
1319
3846
1623
8116
1499
3661
9655
249
9823
4298
9891
7240
9486
1323
407
6937
6912
9624
1064
5332
7996
9229
6095
1446
363
7710
2295
6165
9838
4246
7913
9905
514
7536
3253
9388
9379
6905
6756
6427
9983
3430
8268
6509
5485
3026
9620
5164
2158
7883
825
7761
5570
4334
2016
733
3566
7839
2828
5205
1821
2734
866
2925
1636
7398
6667
5465
5578
6360
7883
2560
2488
5064
528
3346
6221
342
4044
2683
7510
6335
5254
1064
7132
9973
9470
8778
1486
4684
9552
8361
7681
5206
6091
922
6292
7874
6739
6084
8009
2017
5715
6031
7217
4985
7511
2798
6439
2317
888
1599
7616
5836
8281
1025
1825
745
83
3365
7890
2364
9372
9272
9778
7239
588
1087
1099
3467
2611
7540
5975
8619
821
561
4595
113
7720
938
8882
8289
6944
8656
2133
75
1497
1683
7418
468
3365
2455
5395
2295
7925
6442
169
855
3709
2485
1520
7049
2164
4386
1244
9056
6121
2813
1124
9129
6701
7629
4918
5736
9660
773
4028
2802
3533
3638
1374
9405
8413
8648
8856
1493
7894
8328
7837
1760
5462
1588
795
8788
2013
4965
2513
967
2423
1324
3854
1847
5964
8224
1148
6892
3300
6743
9582
6139
4526
211
3621
2572
2210
9183
4745
9806
5158
9946
8694
5945
2671
5043
2709
7220
4744
8646
2636
8440
2887
4805
377
917
8526
4635
5563
4899
2783
2765
5617
5036
7812
1282
2712
3129
4094
8708
7310
7146
9868
4567
8348
4777
8351
1370
2660
3713
2747
284
4168
4779
3025
3841
8827
1817
8906
4261
3083
423
918
2448
2271
4511
999
4986
2429
4524
4055
6513
4112
4561
2609
2024
3800
7146
6799
3730
8290
2467
6080
1296
3818
2504
1772
9192
6190
93
4826
1063
3861
5039
4561
4039
5759
5178
7662
3252
7951
5581
8903
2059
486
395
9309
2101
7282
5619
5735
8227
3319
514
4604
4122
7996
583
2113
721
4457
9656
3813
4488
3904
5075
6760
427
4538
3255
2883
3495
1379
5412
6100
1149
617
5824
8024
9445
9648
4748
5231
7300
2010
4950
1386
6689
37
4432
7688
8468
4469
7249
3826
545
1684
539
7379
4676
8679
5021
6012
2460
51
6809
2695
829
9231
3160
2154
8656
6988
2765
478
6334
4707
4008
3761
3486
2973
6988
7257
2651
2073
9682
7098
729
8137
3423
1401
1721
8798
9588
9602
9611
9926
6244
6391
6179
1603
9244
2762
895
4013
7118
9022
5352
9530
3214
5032
24
8461
9329
9163
2587
1965
9362
4597
7561
56
9399
4468
1138
520
1668
7709
971
6660
7710
4478
760
778
9282
7954
2810
668
7
6293
9019
680
6465
9
4536
6156
4520
5176
7775
6618
1529
6026
2888
2232
8891
1802
5449
1084
1572
5892
8052
2838
6109
2130
2772
1422
1316
4568
376
1055
7312
2844
9407
132
4954
2234
7349
4339
7610
1110
9581
4583
7023
2595
8511
850
3235
3748
6275
8274
9679
5681
1695
739
8331
6876
2286
5974
3448
2645
2290
3440
1361
1579
459
5942
8239
6755
1512
6520
7325
6206
6781
9420
6748
1478
2790
9020
8520
5769
5419
2114
9194
2874
2692
4035
478
1364
4015
7418
2152
2032
3807
8551
9235
7753
6296
3943
5946
4590
9401
2069
4379
2056
1096
6305
7208
6892
7876
9553
7280
1219
3783
9781
8926
2008
1162
4399
5104
3362
2846
2050
3962
5779
8440
1275
6156
4512
5677
1582
6066
1026
575
1122
3162
9835
7814
5423
7739
6253
8642
2182
1268
264
751
690
515
819
8250
6590
1207
8525
1076
2247
1016
8436
725
660
7637
2886
4771
3011
3886
7318
2226
2437
52
4145
5166
3037
510
5713
9287
805
5917
9265
6508
7569
8433
9619
7820
6136
5309
2095
2872
2625
8281
524
6221
986
7335
3492
4385
2303
3064
6227
1499
8936
640
6400
1560
3187
3287
8464
9500
9013
1409
5862
9718
9227
2753
3615
5831
4422
9305
7198
9811
9414
3557
2371
4281
7926
6425
4834
9968
232
7319
2017
6562
1538
9734
5905
1742
1530
3903
897
9992
94
7146
6655
8148
2247
841
7825
963
5295
2611
6547
8109
9392
4708
9201
9744
4079
9762
5000
1607
1961
3203
4920
2143
9788
3053
9852
630
425
8559
909
5268
8729
670
9524
6975
6526
3970
3231
5689
2299
1091
6278
1389
9878
734
8814
1242
1741
8652
2733
5103
2119
8404
6671
8456
2925
6607
2249
3320
2152
749
7900
856
2060
9815
5772
1550
8038
7941
5090
737
3138
9825
2110
684
8737
699
2209
1201
136
6382
6362
7056
2492
2370
7743
2280
9885
1779
527
6781
8464
2339
4470
3307
8626
6092
9056
3562
537
1384
9089
6162
2445
7573
2117
8897
9912
963
1891
7531
2649
2687
4871
2545
4335
8453
113
5877
996
241
1704
9852
7192
2487
3026
4661
2192
4693
5384
410
1086
6837
7958
1973
9011
5079
2257
9109
5123
1790
1868
1936
5128
9289
6828
8523
521
7301
4491
5303
9051
4578
7914
4318
9480
4259
9178
3520
5152
1098
1420
8599
62
8595
3159
7505
6861
5071
3611
6271
2170
740
2116
9913
4811
1587
8689
3813
6160
2395
3093
408
1001
6588
9182
6603
7017
5246
36
6737
2361
3395
644
4809
5616
9322
4894
4815
8642
3957
2379
5512
9398
8205
1347
2446
8636
6965
9262
184
5214
8349
1337
989
727
2824
2348
5002
4802
1408
8681
7731
5604
5496
7191
3127
7516
7281
2097
8055
2234
7361
7113
3831
8462
178
5312
4310
3234
6487
2474
8507
7723
1540
1677
4481
4571
7982
443
7988
1147
3233
2465
9868
3592
3921
4783
6745
7771
802
5208
1328
6909
7356
8716
5637
8794
8249
2965
1305
2166
5969
142
9831
3197
2249
5307
2729
271
4279
548
5904
2140
649
7476
8612
9197
5478
562
9033
4468
1044
3405
8066
1636
764
1517
5514
1443
1308
4760
7489
7614
4907
898
2611
8302
5282
9385
9680
2491
377
400
2039
9950
9808
8537
4916
7755
7887
5721
764
1775
4767
4599
4423
9542
5323
3892
7149
6928
6609
9890
3475
9764
4782
9566
4408
9174
9353
9808
7532
1125
5854
85
8785
7288
766
1978
756
3227
852
2107
4589
8868
1563
8205
5876
3451
751
409
4407
153
1474
6282
5370
2960
3520
5018
8494
3563
7700
9511
3973
9159
572
7580
5941
179
9179
93
9131
340
526
9458
6098
1004
6625
2376
3396
5884
1522
6916
3023
8263
1589
8906
300
2937
5498
4013
4476
4231
1933
4632
6020
345
2541
444
715
726
2463
2219
4066
4142
5043
1556
7219
3982
5207
4000
1740
752
4714
5453
1678
7249
2708
3160
4721
3431
9845
3968
2139
18
955
5577
6177
2593
4519
4127
7724
505
1938
5355
3376
3218
6220
5610
57
9683
5398
1468
3927
7199
3233
7643
924
3647
646
8717
2274
4034
3831
9115
1442
306
7574
5955
739
2441
5716
1963
688
8244
8988
6311
3134
2007
7858
3948
9660
529
3654
4678
3995
225
8126
231
3184
7305
5123
1217
8695
6803
5018
1574
1450
561
6357
3646
1491
1656
4555
4105
9038
4912
5062
629
435
7413
2971
8482
4643
3954
3728
6724
2544
63
9657
5081
3826
3080
4851
6108
7975
3489
9108
8585
8635
4022
5778
8034
9544
8935
8676
1361
1311
7556
2742
7054
632
501
8257
9012
9335
1774
7738
7743
2895
6641
7306
6409
91
7444
5214
3734
9595
4
9327
9740
6876
7242
8836
4470
1499
7133
6631
4123
683
6536
1910
1370
5637
2030
2395
7689
7167
811
638
1071
7696
8509
5305
9087
6627
4643
8892
7014
2362
9188
9810
2518
7461
84
6899
7044
4979
1570
7260
6206
3273
9989
8044
5329
5617
2456
513
1786
1748
1203
7442
4316
9546
6685
6030
7570
5489
2239
1397
9301
7805
810
6676
9520
6319
188
4167
6882
1401
3423
315
8243
7073
2130
9458
2187
1764
8092
9722
9231
1325
862
8768
3822
3142
9112
6609
1435
7838
8335
1073
987
6779
1565
5263
162
1250
6810
7673
2777
437
7402
4764
8755
4716
487
7295
1167
3527
8785
816
4768
1555
9314
8063
4668
1435
662
618
5378
545
4347
4632
5664
2861
614
4586
2820
229
1447
47
6097
2782
8541
1559
8611
9010
7597
5530
8535
9682
7471
9338
1029
2734
1097
4374
3439
98
368
849
1983
9587
2236
6082
1196
8955
8508
1181
4381
1409
1674
1218
1409
157
2640
2564
6574
1866
7611
6509
8217
6189
2318
1744
2997
9797
6826
9583
2687
6899
9725
9310
650
1116
41
568
4182
684
2727
9728
695
9277
1147
2251
9251
8073
4122
9932
987
5373
9689
9871
6717
3870
2887
9242
6314
2320
7662
2865
6468
2325
4390
4458
6970
387
6347
7760
9959
7465
447
9659
1656
8498
5763
4272
4429
299
9875
1189
3617
1794
9071
856
3741
9040
6737
6720
6202
5593
2540
68
342
3424
6945
6731
585
5600
7512
5700
2600
5273
5773
6855
7817
1144
5801
1242
6024
1626
947
8617
3049
9730
8774
304
7728
3497
4517
1051
3006
5701
2012
3264
8604
8270
6904
7483
9021
2364
8746
8026
7678
2805
9736
6410
2082
6694
6549
9954
3548
7871
5315
6478
5755
724
661
9119
1389
8370
2105
5553
2189
9983
1638
3965
4287
7652
3475
5584
463
2623
3032
5676
2276
5316
297
2637
2474
6501
3840
2799
784
8642
7882
2718
3327
3730
7141
6573
637
274
2311
2763
4337
6573
291
8211
1927
1693
24
820
9910
1264
9435
7952
9441
3551
5110
3528
2139
9324
2353
5000
3022
6266
6016
4495
6941
6801
5629
6466
8424
9617
4871
1666
5152
4855
154
7643
2028
1534
2385
7725
7484
584
2026
4224
956
4814
3225
1828
6571
8564
1776
1847
1516
5167
8478
5419
1196
8171
2389
6503
902
7833
6448
3228
5459
7782
6724
6731
9366
3810
5014
7285
6727
1983
6493
2227
5646
7432
6154
3959
1923
5028
646
9763
1795
5259
954
1081
278
712
6997
1682
8494
7376
5097
7635
1202
8482
6039
2780
7453
8943
4829
4163
2464
2572
3533
6993
2767
2453
9567
1099
3931
6933
5274
9700
9819
1939
1599
6288
721
4703
6806
2604
362
6190
6877
5981
5141
258
7453
8695
3000
1149
8448
7775
8479
3031
9921
1922
8615
3022
8834
2566
3451
7134
2516
978
1356
2706
9954
2298
6950
7833
2479
7166
1632
1548
9233
4116
8996
8287
8094
210
5296
7365
1110
1216
2604
2521
209
478
2685
5003
3483
7970
9226
3128
8076
5749
8141
542
5261
4046
1276
6893
760
9934
1705
6209
1007
7102
5766
9616
6704
5894
8525
3855
8824
2336
7791
6538
565
1725
8747
8051
5504
5062
6817
2587
2667
1765
648
3919
6455
1220
2829
1620
6170
4470
1485
3958
1807
3685
1876
7006
1501
7148
9447
7906
7917
9894
415
753
3862
7559
