9856
5124
21441
19263
20311
5955
18199
21576
31835
25630
24596
6371
21772
26303
12618
7215
24480
7644
19117
18974
17616
2453
31977
32121
19921
411
26360
10021
32390
13975
499
31396
8180
25290
7976
17374
20214
28144
3182
18978
25394
2155
21173
25704
16971
413
17121
8921
29529
23958
17625
12689
1686
28143
7386
22691
9561
29173
6930
15709
24137
523
26986
18638
458
19017
27555
22406
8892
22633
26020
5789
3941
228
23570
12791
22187
8024
25378
14277
11655
13869
20395
21839
18614
12664
32384
20722
32434
20767
9724
25956
17888
32319
26078
25152
25355
4042
2391
13758
23569
17013
12130
17345
732
26577
19796
11800
11412
4279
16308
29181
26899
14058
23884
32482
20122
10744
16512
10862
11714
17249
15071
9666
16821
9723
9976
22528
12445
3221
3183
16910
28765
27611
19024
20375
25472
27514
15266
14675
17006
31364
2624
23689
9446
789
9188
11218
16296
311
1413
7455
10866
259
20707
14589
16942
18441
24672
12056
31594
11762
19729
5118
14600
26724
6933
11302
31543
20006
37
26673
31394
21893
30829
30319
999
20982
7578
3493
10058
13564
29749
21774
4267
22092
9007
3487
7093
1840
18877
24719
30809
29993
26470
30487
29562
8152
2649
16247
14314
26142
14341
825
7062
28291
17380
12985
19709
28372
2199
2533
29927
5904
14136
29250
8275
9094
12524
17968
1713
23095
7863
22894
81
30593
15253
27360
16668
19967
1222
25488
11138
7595
17513
1780
20403
26181
10828
30831
27410
14585
26371
14873
31718
19772
32055
2243
15699
23799
15681
14646
8074
3047
7927
31420
4156
24131
28102
8930
10068
672
31490
26235
3045
29459
19065
9192
9569
12693
27982
8855
27917
9131
32517
27594
29617
20806
30938
8346
28564
2791
20311
28987
26279
15112
3621
6529
18689
26296
26147
1699
3979
8581
25013
2624
13053
30878
13151
16031
3849
6457
21138
59
1493
13875
23237
8319
30639
28918
24776
13774
25341
18848
12885
11462
16498
23138
13289
32454
28552
25125
20689
12717
18218
25204
12680
1253
7856
21654
11328
28577
25361
14842
9151
21602
3156
3033
18540
3520
1864
19990
28586
14439
26485
18793
30052
24160
30034
12476
23529
26514
27833
13781
7675
29576
32663
20790
26402
116
28904
16705
9799
884
23523
1184
11901
22037
31601
21476
23074
7446
1508
24172
25639
3182
28902
20105
27564
11407
12719
22751
21968
1261
19836
23311
455
20410
20028
19859
813
6900
28556
3305
22169
31394
6117
15859
17526
12379
29204
20894
26126
27655
15083
27586
232
2538
5943
12617
11348
29150
1522
16788
30020
31711
17081
24346
29789
32205
11392
2898
2638
26222
1156
6612
13921
2483
6529
32443
15183
572
13093
23629
1625
19485
20933
5086
3220
31971
5712
24049
4741
15570
26241
11681
4589
25969
8536
25407
12774
26953
30666
4669
1327
26857
15800
24138
709
6445
18206
13247
27827
24256
9613
24378
6442
17120
23003
18568
20948
9569
19993
21705
15718
20469
11205
13262
1909
20138
25153
7366
14986
12724
29060
15898
120
7277
19728
25749
15597
17818
27427
7624
13896
19696
21554
22957
16554
2519
18067
20362
8016
14189
17018
10776
4128
8654
4646
16101
13697
14483
8796
21751
21104
10904
16149
16050
3281
28419
2164
19196
10754
24449
13306
20894
31158
18387
28157
24301
25345
3722
28502
17067
18351
23310
7003
1576
12762
23781
14861
3500
32700
6194
8850
26905
449
23420
27109
6093
16096
17073
27084
17350
21292
27499
13322
14345
7334
15985
17878
5700
10838
29313
3981
4018
8602
11341
9380
9535
3517
24515
10208
13037
19915
22161
18377
19062
5284
32745
24412
8499
12112
28033
3840
5436
1426
8671
25019
3537
2240
5075
21158
15096
1233
2885
18078
30824
1976
15152
20029
22438
21233
15599
17416
5486
2905
20664
6890
32340
6978
1894
28898
1707
31431
14715
14840
6566
21085
28517
6005
25533
11179
7936
12115
7250
9372
25181
6131
4757
22706
3010
11278
421
29853
15089
23278
28664
10252
22445
18654
7676
27075
5499
21471
18430
16877
25766
20636
16204
3764
29829
5024
7830
30480
11008
6855
7578
32732
13649
27378
18433
30511
5640
30207
7043
10729
21586
7417
20818
6028
12410
8843
22198
6222
432
8635
14580
10604
8458
23765
2165
21440
1480
30884
30500
24726
30428
30696
13848
20668
30122
2821
22131
18904
17932
2041
12682
28158
14233
7824
7238
20866
5159
7387
27082
779
22414
22494
341
23017
5295
3209
2922
32425
11189
19690
31279
25062
13723
19872
28948
5474
18671
10131
20404
15189
31701
25058
25600
4
18254
22557
1946
20886
12218
20661
11391
18979
22172
22448
7401
15
22942
12705
29300
12438
8917
31448
2175
30887
3653
18134
28117
4086
2216
21508
6541
14925
2923
10148
26414
25378
6650
9735
7703
5999
9277
31488
2078
20926
29282
26266
23416
19587
32222
16902
31705
20143
23470
20695
22235
9858
7139
12914
24484
18081
16989
1983
28099
14696
15575
8485
860
24193
31268
18614
16005
9910
1719
31910
31215
16899
21097
11778
24777
29680
887
22430
31201
542
31434
336
28173
28959
28028
859
3529
906
14231
7726
23073
12111
19488
14927
5330
32073
26196
25746
7084
1810
24625
23182
4922
1819
21048
15185
9381
12028
24690
12371
21206
14344
22705
8873
10971
25125
1560
20603
21388
21723
24029
22200
16494
5802
26958
776
3031
3745
4370
515
15443
17452
11698
15776
31047
20782
344
32752
29396
14927
32470
11788
254
8600
489
12108
15886
1853
23743
21689
8244
3257
24248
21701
22129
28192
14442
12090
27828
9649
24807
3441
31556
28075
24642
29380
25949
5219
9039
20805
27422
22162
15531
22193
4771
13299
14076
1439
11374
29198
23674
28413
30475
16718
6063
8125
9715
14426
20858
5836
20402
6562
28762
22340
1861
5944
23785
27362
9414
2274
12199
26810
331
18541
27641
21545
10763
10308
27762
26636
20162
14401
25680
8751
28503
19650
6730
8969
3260
31744
16521
13734
24855
1436
3572
5092
25375
22651
31920
15074
6344
10964
20967
25526
32034
22663
21193
29790
32126
31665
19153
31993
20948
29565
18250
5432
13409
19773
11281
11791
15508
17337
1436
11184
24875
18630
15419
23481
26010
19739
3230
7084
13996
14945
27032
17313
31340
21385
11042
10551
22342
28514
11939
20176
13930
16747
19567
4862
1393
9446
18061
29752
15171
7725
5309
15570
9272
1609
12729
11052
14717
5313
19900
27177
1978
15280
2625
28130
26865
2586
8973
2204
5546
2176
10351
19448
20813
17330
11975
2666
13775
31205
5957
3308
25232
7685
22003
20724
4740
9549
22774
25251
23954
21268
29969
10047
10553
30442
31594
11235
3193
20707
23697
19573
10993
4147
31934
18137
19269
8187
7514
3684
11458
13923
32705
29588
24645
23017
9543
29694
10328
20729
20601
18055
9375
12221
11173
30679
19571
30774
14492
11019
31948
140
28086
21162
7524
5026
9239
30171
8473
32750
15153
21973
26003
2184
5514
1942
13864
27776
21183
21976
30204
30837
27338
32577
13677
22115
3712
9434
13998
4029
29021
31938
9649
30140
24708
7460
1867
25590
19202
29542
9107
4402
8019
15267
28555
25211
8743
3164
14850
29811
8806
19050
8120
20202
11889
6455
2756
30383
11947
6958
16691
20902
2360
5744
18162
4379
13060
20937
5870
5718
20999
15842
30585
1392
21704
16056
28144
31333
8992
10572
5530
5225
19521
18845
24020
19328
22006
1235
29547
17481
4397
27581
22858
5658
6066
20861
29781
14162
22333
14978
3732
1003
19887
14263
5524
4687
23193
506
6154
19053
18942
27088
18106
29451
31834
28503
31895
10590
20450
5756
4652
30424
12046
19309
58
31041
26709
27474
5539
20745
13111
17720
17542
18909
1665
10061
19116
29048
9165
19539
14627
4284
31816
15695
7976
15105
21176
31617
23627
26541
16061
1689
24013
18948
30038
4904
19277
23362
31400
1365
26275
19175
8443
977
8973
18771
30982
14093
14217
24722
5996
2218
12417
20345
21382
30513
17581
6898
25443
20996
28982
18836
30989
29076
8471
32119
17678
16341
25545
24646
563
9455
30495
5525
28304
11319
10351
10101
21956
30045
20722
8518
4223
17894
29037
19661
7489
20189
12561
17799
13924
31430
17312
22076
2396
22484
31442
21718
29502
29276
1783
28788
26239
13192
10973
9659
24062
6224
26356
19820
325
21670
24496
31036
24076
14065
815
4832
23295
24509
12828
29031
18370
8625
28627
22732
11825
7617
24006
6092
18668
28581
1567
14325
17171
32393
14759
29696
9550
17926
1254
26720
5137
11089
140
12827
17182
12978
271
28633
16971
10552
27030
22842
1925
5804
9750
24685
23061
3011
4282
4607
802
8343
18057
9968
26487
14168
12099
32012
28295
22335
15499
27000
23214
13252
9291
6540
30394
13329
6741
30176
15530
3766
19782
15274
22966
19870
10928
16455
13199
20034
11896
4887
21223
4636
16764
29070
22324
29535
27513
16776
22449
4581
23597
1501
21926
3177
4024
310
9194
23030
4680
31519
26534
22431
9973
23389
5723
24177
21994
3969
5415
30118
9670
28349
23876
29979
1090
4087
18897
11269
8723
17948
29397
24543
17938
14007
14721
14247
23450
16066
27061
26441
16433
6587
5318
12124
5227
32507
2431
1292
5132
10564
3429
30295
14701
31897
15167
7805
12321
15954
10966
16049
23255
4975
17914
20245
28802
14637
28357
7141
29880
11223
23332
17138
3928
12255
18834
9555
1904
28973
29479
8535
25950
11447
24274
10430
53
6226
31203
1832
31330
31943
6604
27853
29071
13866
19240
4463
26055
3687
4604
909
7131
9758
32573
30682
32517
24497
16275
11501
17868
155
1885
14138
24103
32003
32757
18753
25829
8592
6709
19461
11340
3968
27194
23488
5633
16116
28775
31957
17448
31630
29613
7430
26059
3902
20746
13543
8832
3929
25680
7570
26950
32748
28200
28317
9905
16719
6998
30793
9799
31741
4415
11772
9001
32418
9128
5362
19446
17014
6080
2863
15852
2506
6241
31416
15184
19680
16275
19714
8464
26880
22866
12971
24488
17864
17297
4968
31554
25796
3966
14911
22305
3903
18440
4598
20543
5720
414
1483
27445
22872
5946
23141
6492
1602
14495
4875
22834
18604
11743
14100
13823
23246
29727
2974
27320
11481
6046
5507
11299
5770
28404
30601
24124
18174
7064
217
14552
26312
29605
32691
8072
8257
14558
11359
12480
543
16623
16487
20536
28745
29430
3587
12435
5866
15937
11221
8255
5060
28249
2262
7580
18888
64
31889
30304
4835
23800
10127
30266
17434
7492
14354
26805
14297
15027
26374
29280
21128
20953
16692
1324
13664
23008
4281
29717
4989
30016
31414
27140
23860
16330
9546
18420
13734
15851
31165
11860
26261
20783
22270
13741
18039
22020
18512
6789
17609
20161
5184
24707
4262
16358
14298
12500
3480
8613
8732
30668
2734
2722
17323
1489
28623
30712
18117
14197
21837
22140
887
26850
14781
12613
1040
14459
18951
10604
11733
23744
28601
6928
25078
4466
6561
5021
10945
24568
29338
32078
18710
18178
31398
9201
13851
1388
13885
30443
27952
3173
26597
11387
4646
23760
2051
10819
18347
21482
28401
22276
18953
11054
25936
14761
8721
12150
3744
2439
1105
29538
25102
5091
12430
253
9612
6836
25966
20126
7975
4267
15476
31501
28821
22129
561
5351
20750
23856
24249
28996
6494
21076
25173
21910
22071
14483
19063
30933
21707
4650
4851
8153
23962
106
10091
22791
4489
31860
18699
6959
7477
3393
31863
19381
13958
7909
5122
28655
6279
24340
10785
3535
29045
17125
8223
32706
30486
6614
29970
16343
5451
21008
2317
28196
27369
20973
8343
5734
2245
2744
15452
30951
9998
10420
6435
23205
17632
1119
27648
8368
26133
14583
11979
15060
25439
1086
4304
8568
148
21371
24520
27334
15688
8641
32009
15116
5025
2931
13049
5218
6503
15112
32456
18830
14171
4876
8799
6180
27338
14695
4755
11762
17761
26594
5535
7578
8003
9703
9681
1665
12121
20360
27779
29672
32233
3524
26957
14169
25963
9221
6521
16965
5528
14060
13239
17131
19651
28753
19474
2171
15212
9350
29731
29308
17939
23772
11141
28523
6474
27497
13449
20133
17422
27656
8490
27015
19543
22176
11331
26579
29166
1706
13055
9045
4991
23533
25233
28359
27119
22668
28198
17395
3567
24643
24856
7447
31698
31982
24933
32141
2459
19531
30303
28075
859
31488
10149
28137
25018
28896
2129
9537
20179
4714
627
20188
27973
15250
30399
10986
5510
22469
1154
30418
32123
15143
3547
12427
32326
8479
19495
10569
27744
29717
2237
11101
13799
17018
19932
14166
15161
1289
9185
7277
5569
6733
11965
28704
16657
7012
16295
10524
23089
28162
12046
24928
26935
14265
4818
928
26904
5751
9395
26599
446
16976
27914
9089
10331
31869
1463
4120
6652
28581
2394
19997
25697
25948
710
18026
28940
29930
28850
28453
18072
3917
12722
22503
29772
3201
27750
16669
23536
7678
18417
17071
19935
19075
2221
17888
11102
22290
25886
22134
812
16699
10020
3866
23643
11934
28020
9473
9053
30124
8520
22220
28002
9133
29782
17069
1506
9223
31487
26572
31349
27837
14026
22249
6379
21558
9488
22082
5017
29760
9721
31927
16369
15956
20391
2092
9046
9500
432
29487
16942
32562
19666
3546
25912
1835
738
7675
18719
7380
774
19059
27728
11195
5668
21980
28425
23281
28570
27759
14771
27151
9776
2340
23922
24439
14666
13850
25338
27612
30307
11322
31652
9989
21174
5656
18625
2509
3390
31257
11566
18799
11489
4059
23849
30720
12009
1233
8290
3645
31155
29742
31317
17031
26539
5637
11480
20780
32376
27054
18672
6632
9843
24427
16873
13996
30302
17739
13990
28573
26451
31567
25909
12384
1274
13004
31910
25237
28159
15632
16670
20897
14531
11592
13863
31665
4178
20898
17226
29692
7574
18350
1760
14920
4298
12298
19237
11183
24368
17726
20878
28835
2311
23013
26717
3120
31672
526
32370
28801
25680
27617
10596
15526
1586
11142
20944
1940
27150
32322
31217
23661
30989
18659
21105
19458
22606
21855
4479
14231
6294
5048
16418
14566
3651
25122
29133
19302
25986
8296
6707
6860
18114
4748
30044
6866
8041
22190
13817
19512
25285
29230
28149
21257
22341
14869
25932
16928
17385
6833
21280
16362
4599
640
11530
26734
14064
29776
174
4234
31426
1187
2962
20095
28223
18008
1328
27568
9678
27272
20297
9126
3168
6063
125
21592
25254
15372
32025
937
16002
24394
4656
24115
7867
14175
18157
4931
26356
1205
22567
12836
22495
31111
4662
27809
22446
12431
32005
25285
7882
30430
3689
23525
7368
27915
22193
4321
10649
17295
23423
27558
22272
5744
5334
24567
30281
11293
16499
16750
9785
7065
32609
15037
32065
7644
29128
19002
9206
3703
17670
26523
29638
24438
26624
14077
28131
1162
22970
27948
7812
6504
17958
18718
16461
18284
25914
18112
13323
11906
20549
28406
8357
21830
16771
26844
20304
25706
29167
12371
6145
12632
2392
5561
29224
23577
21687
27383
32155
1142
14016
449
6096
23133
1719
24345
20816
3462
20869
18453
22376
24661
12555
3043
9762
25091
11702
12042
5748
5113
24148
23538
7350
32380
14886
15527
19289
30863
20790
8666
28119
10005
24298
6953
20454
30519
27354
25760
1265
6149
27615
19839
17352
14176
8556
31805
10903
1559
5922
13262
32533
18256
1694
32290
16125
28458
2966
24558
5314
5280
24100
31150
1151
15025
1889
14827
25900
13501
17462
1209
31256
10803
2671
29829
16531
32105
25617
6157
17899
6603
5358
20912
6555
27960
15990
15336
12222
4265
30160
14101
18378
25620
42
1148
11130
8592
10573
4751
23052
11193
26740
24175
29613
6998
18270
3759
31026
20537
16290
11099
13320
2407
579
5944
23150
18553
23940
11854
17377
1090
13565
11684
16856
28338
16367
18507
28850
20986
469
3485
5357
18673
12603
1223
22680
22199
211
8581
32011
8600
32454
30253
21717
21811
32328
18159
6646
28635
16239
25179
29775
32573
18757
25379
17494
4163
10780
16163
1550
22073
4641
18334
24631
19759
31796
32459
13249
23454
22775
26256
16263
14158
28709
11405
11322
4470
27686
22364
5275
20006
17376
22807
24046
19170
30415
11035
29867
30863
20312
22284
16758
19604
8026
4378
27217
19769
11015
18306
13329
15698
13810
19287
6158
11042
26216
30338
25119
26234
29444
29448
27334
8737
20094
1931
16807
17528
17860
3348
23615
11102
17484
29199
7378
26450
12968
28311
17829
12759
9051
19956
11374
8989
16875
29026
16905
27357
14391
28692
17004
4229
32267
30841
8413
32405
18162
22206
1123
23881
587
17556
26746
120
8607
26163
13834
27836
6450
6303
26778
14291
20184
29994
5057
18501
27402
11834
23774
14407
16441
10572
15625
24544
15458
31289
8010
19018
6371
9144
12040
6811
15501
16677
27332
9125
1018
32129
20231
14106
25633
31673
11672
28660
6951
5163
1267
31763
25465
2918
27639
10536
23831
9777
26079
14547
8499
16080
12915
16392
13306
16258
28287
5559
18610
9806
6277
5292
3077
30207
19887
13492
26780
14446
21255
16129
31216
30207
16106
8655
8541
18030
22202
10056
29049
24268
29908
5029
25507
16580
2754
28311
3039
28451
5041
31717
16097
19352
2853
10070
24167
439
15339
26577
16332
9028
31568
24003
24794
22959
9360
12481
24289
20699
26769
28783
25605
16163
17873
31904
32476
11935
15517
14526
6201
27555
4997
3693
31554
15497
16396
875
9161
18097
18340
26298
18137
17605
11481
22786
18830
29250
15564
13361
6698
20532
20707
5732
8038
10049
22719
5130
12806
27368
16494
21830
21680
25099
1762
8854
7678
14507
6306
9395
2258
24308
17088
23480
7914
22905
21003
4485
12724
26304
12933
19302
5475
7681
8984
32496
4674
27435
20868
3628
72
3112
29340
20216
16621
29538
10930
8617
2877
13190
23120
23285
15915
22664
9001
1297
11559
20967
14670
15382
6899
21042
21669
10665
22194
18379
22168
25563
12098
21227
30730
13134
12491
23782
5007
1178
24728
13488
24540
2286
27430
21664
11900
18939
30843
13685
709
13581
6841
21143
5387
24955
2803
17311
5651
5698
10303
3864
18122
21229
27917
6791
14391
24504
20151
23466
18351
10484
15193
12030
11080
27053
10722
30595
8848
27019
28779
27587
8062
20982
21704
13329
31656
24189
2909
15887
3511
27769
6195
26995
13080
11757
17996
29194
8693
945
10547
15101
5988
17104
23766
24403
13790
26926
30616
11191
10226
1390
25251
25979
23354
22034
3195
734
26511
25572
10713
14474
30329
7061
30902
97
16105
10917
14758
32121
26923
9090
21351
24933
28438
11508
21690
14007
19590
16568
18545
13506
5132
15724
4042
165
15331
20395
14075
32645
14118
30328
30734
7705
12097
9952
24559
12652
29094
21211
18884
21726
26049
22388
9340
26988
7981
5673
13995
6706
24616
15765
21653
2606
8260
1356
15496
3911
27488
24839
3440
7822
11479
28417
2981
19907
15095
9632
10247
3611
14005
1112
32077
1088
5022
19405
14234
8602
23569
311
6737
25293
1452
16651
6187
22403
27140
9432
12679
22379
14233
16494
3329
2178
28425
31302
32325
6801
16515
17182
28454
23542
23935
28900
24298
2984
4780
16597
27624
3190
15914
17638
6998
23951
30202
16483
21340
31815
29363
14294
15212
4888
4726
14378
30422
6631
2083
6416
28055
19337
2765
16034
6002
5254
6508
7750
32067
24349
9938
2774
25743
24712
16865
3070
22879
19329
3578
17637
2639
3076
8120
11791
10978
28759
4575
9858
20504
25416
26255
8231
31555
7094
2238
27508
18198
25938
485
26184
27391
26279
14328
4630
2231
2136
18332
21830
30743
25001
20117
27608
1325
20033
14973
19275
21647
4399
28604
32189
25071
10538
23732
14419
19696
14877
19772
12507
26680
12259
4688
30384
16070
32334
20998
21214
902
8815
5060
29575
7971
18705
23729
26246
20509
16007
28777
10065
4379
2984
2549
17444
14722
25623
8442
24156
3142
18888
3888
2593
10497
2495
10774
20807
4930
30235
9445
23926
17447
340
20162
3465
31278
7873
311
31285
15176
3165
21220
11755
15663
27082
25202
5119
10234
16534
19913
25353
26351
25022
10627
1676
31640
15472
3232
19413
1817
4629
1147
22054
32192
11151
1276
7700
14558
29631
10512
46
23253
6987
22358
7903
14707
10654
7964
7062
17022
7984
24969
27427
3728
3335
6939
18789
5669
17790
24917
4130
15603
2629
26801
30006
10106
23465
9948
29680
3803
19733
25890
26041
1773
729
22311
3574
27278
15659
2521
7472
25143
5227
16034
28530
14548
19116
1762
2547
29394
22127
13212
7157
23417
2737
28016
1773
31868
41
2249
12772
13262
9163
27223
11293
23480
3728
4032
25336
14633
2681
4242
28438
9293
26834
11133
15550
8032
3508
13247
4992
20421
21709
29407
16664
3410
13155
21150
27541
31727
15255
25387
20154
25439
25831
4502
26788
14685
15863
8839
22957
4587
27537
17712
31633
27111
6378
21120
29647
32735
15655
3225
17746
12070
23071
29317
9553
295
6243
31780
6004
26874
25724
21097
5432
23861
29043
22470
17556
17413
17559
5349
477
25981
11898
23961
16615
22573
21821
16916
2413
7159
13325
8282
4786
22302
13294
27126
17001
27040
16823
29163
4818
19142
1374
22253
9255
25849
7798
24017
32054
25559
2550
20547
16207
10374
5436
13239
20832
22600
594
27810
18015
14672
16751
8681
744
20949
25537
29849
26152
32100
11113
24538
31225
27770
23752
21790
28238
16978
13561
26782
25554
17660
10654
8711
18892
21423
21984
17776
21318
5984
14513
10384
18286
8595
10324
26670
12604
28018
7968
4568
12885
30492
17793
5592
32048
23871
23871
5476
14967
16617
29187
24853
23984
22427
29463
15259
11548
25504
6765
13486
223
1692
17635
12359
32098
8808
8133
28177
19702
15389
20371
9498
7354
5487
29701
1999
24766
28733
11597
17447
9064
12389
1692
21534
25623
20445
27111
12901
18695
22784
235
18264
10357
23333
10095
8752
11523
3446
21193
21114
6493
5120
4771
30152
28445
6918
3839
19878
31980
15515
10105
29135
6122
25712
6092
29345
1105
9706
17816
32719
20821
14455
7011
26454
11342
3619
5341
178
28440
14438
24680
22609
28090
3904
14807
12104
18247
20104
25206
9029
15874
7554
23115
4804
23237
13487
16028
4486
24484
5609
29106
319
19917
2735
28636
8848
690
23741
30134
12852
12395
31967
23466
26238
13653
3080
19128
24835
5888
31390
11891
26772
9288
12825
2124
32623
705
31948
2067
10677
11097
8194
3515
30751
6712
23629
30814
10989
13803
18459
26240
288
12738
14474
19352
2025
28534
11390
32461
32353
9231
28144
9981
8570
17413
23945
10243
29750
31398
7279
30010
22551
12471
2143
27965
2518
26206
15868
8945
22104
25664
5478
14278
7133
2022
19727
11065
27515
12133
22218
17310
24267
2110
31525
29724
30178
17795
18169
25593
4482
315
30527
31511
23954
19720
22309
6079
16332
13831
17506
20894
7862
16376
19910
28173
5331
7071
8213
27030
25626
7273
13589
15027
15783
12627
30950
12760
12721
25864
22930
6836
23484
10569
29925
693
7951
29074
22655
18634
1897
24827
2087
23148
8688
3932
15970
16863
25194
10676
6980
27061
26799
29132
13703
14741
14942
24855
16858
28730
17616
29405
17531
24254
15178
22936
264
26905
9591
9119
7315
28645
12821
4865
9716
1892
8686
11444
30819
8131
24330
17135
11334
672
5155
32468
2631
18891
22617
11602
13482
13129
17191
21322
31453
30367
31894
19696
2897
32589
7600
31861
30601
12440
30008
19427
15985
5772
1176
1608
20720
10306
18715
19478
17600
32607
9564
9930
10622
10461
32511
32716
13309
29454
25758
32406
13280
23773
20486
4633
1896
2648
22692
10588
394
25195
27194
24423
30277
14830
21462
7775
24882
12259
17157
32242
23133
7928
32580
24822
19795
18516
31159
5708
9852
7055
1310
267
27307
16386
18948
3034
27892
17218
19257
27550
5822
4327
3715
30038
30232
6034
15761
2882
1617
16174
21296
25931
26306
5237
10434
14495
29679
19894
30699
668
30415
3286
9357
31471
24167
662
25335
28925
14238
22291
3673
6274
22348
31635
17275
2423
27284
18814
5039
30522
24948
4779
25605
25321
26522
1757
19645
19726
24441
4750
3330
10882
5021
6891
26325
8331
4667
15135
30535
19528
26381
26324
24299
6479
10076
5623
20107
27540
1119
23996
19482
8333
22467
6883
17386
11155
24203
4409
14879
20876
5658
9313
12388
18375
28558
3540
5084
14887
19792
13351
18267
31876
32489
1933
7639
27470
12056
1948
22809
16243
30753
22100
184
22915
4711
31837
9544
18451
20797
17040
25551
3423
25082
17593
15736
26675
331
8603
6028
9227
6862
27701
30621
13433
1756
16964
20485
8135
23206
11273
28815
31965
32387
10572
28531
2150
32392
4001
7816
5423
18778
7658
24757
23503
20800
26909
29608
28045
17276
1608
459
20094
18908
5586
4212
31470
2700
5123
7773
23553
23086
4806
1619
28570
21548
16558
31282
10108
19789
24888
10768
17328
21639
6736
27577
11302
13845
15126
30300
3487
13513
24545
1667
15817
28066
6020
32328
10924
6561
28113
21958
22854
8665
32604
28623
14194
14790
31362
9949
17679
29663
12713
9802
22621
1134
8904
25539
426
9888
6187
19706
21039
22488
18032
32155
2613
23881
3030
4482
29308
18372
13495
26411
25820
27086
26962
26217
18477
29686
10446
8027
869
11110
30076
21916
11264
28343
5725
19387
29605
32010
4580
25323
6406
13140
17916
25339
24584
13305
16717
32392
21796
11421
16827
26481
24588
11830
31792
1931
27026
19302
4508
12694
6342
28937
21818
24176
27487
11530
18452
19081
11613
22394
28105
1943
5100
20963
24206
22155
32650
20697
14963
24003
10604
25555
25064
3969
16414
12089
6015
21660
14187
3262
28403
20341
20348
1520
11626
19245
5956
23821
32503
11029
28187
6169
9571
28262
18600
16941
1069
7219
15621
22290
11727
11163
6686
3343
22083
15427
3674
28926
20166
13060
8574
2213
28380
3808
1486
28484
3732
2619
1141
8299
30221
23623
2342
25870
26169
11969
4356
5851
7905
7131
191
11723
1513
18553
9728
19448
21462
28319
26632
15278
27021
27690
27540
5060
13149
10687
11779
30253
15680
28162
23482
7370
23646
28936
26056
10370
4563
17422
6854
26261
2738
24939
18177
45
24906
30915
8156
18487
936
19326
32367
7024
25437
11640
11636
1731
21121
32250
20068
10194
12791
11498
6621
31699
21747
8254
32583
4253
15802
3510
26551
19458
6057
7371
8211
15712
4729
25827
11896
11635
705
7110
5848
24685
27580
2133
21224
15945
22093
3450
313
21852
6464
24923
4004
27437
30419
17619
25836
3974
13173
20258
19871
26059
2509
8675
12349
6283
8190
6463
19612
11093
25130
19553
2699
7885
26165
29225
7094
6910
15563
32293
29898
5106
21412
2493
25049
7296
19718
23981
14847
23398
28812
12217
30278
22168
6439
26779
12231
2263
17506
1601
18706
30084
9962
28213
18128
11959
27213
17501
7079
396
30722
6628
27486
15549
30122
2168
2370
17782
22165
3510
13768
28260
9864
15074
24435
17680
29117
3292
27384
18795
28204
79
18081
17321
18953
13868
19695
11347
17294
15447
14979
23192
28154
20128
15166
27877
18394
9204
21160
8117
1671
7124
9102
1705
15088
24583
23280
23515
13209
20108
16922
22896
16356
16339
15376
20844
14480
32045
12847
30666
29055
31616
13330
4813
30908
11839
20147
1425
18108
1689
24274
26853
17380
29425
25243
9821
18252
29327
3715
18850
29379
4501
10611
31757
4115
24884
29736
24180
21382
16415
8154
13636
10152
1856
6171
6864
26191
28331
9219
11241
8921
16080
8842
25263
27061
8692
26165
5030
6437
10722
29685
16653
14145
24029
10572
14443
26944
25818
3505
11882
28659
8172
21302
19688
19858
18688
19048
26444
30907
27082
19830
18710
16568
16127
26262
21179
18177
23493
13733
22703
12801
8552
22797
30915
32029
24398
24044
22961
2547
12077
31603
2293
22239
24955
7564
27359
32452
3622
703
28903
26121
7558
29014
2624
14561
23952
18367
688
7888
30540
27699
17310
18283
22665
24469
11117
13407
26063
30621
28424
25780
2197
1077
14782
17747
28084
25635
32593
2758
2076
19689
13385
22592
11205
18921
24718
22493
21737
14029
16438
10282
28529
14630
26268
17128
12973
32083
6066
16653
25927
15013
19352
8204
7546
17089
4205
27734
20863
8261
15973
29985
19528
2222
12827
28008
23153
9593
297
7731
17268
30856
23799
3608
25372
24520
6096
16898
30524
31761
59
31537
30112
32589
1672
5762
32324
9693
24745
28913
15812
24376
8259
30044
21524
27093
28421
14218
4977
26188
25913
16491
11159
9656
11928
28577
5429
14175
29027
5696
20894
31125
11183
11986
21185
12765
31489
22175
8027
28754
538
27691
1899
16965
24852
30463
31975
30760
29614
15532
25773
682
18917
9998
29628
11044
3780
24526
27812
11060
20860
17706
20795
26535
25783
7161
23698
21149
18474
8937
22823
14567
20585
27404
10076
32436
256
6547
2088
3949
19647
30425
13
1245
12373
28323
26186
18837
23329
26022
29777
14991
23108
2121
27003
3089
31227
30381
5883
30164
20780
29162
26641
27238
11070
28316
14976
24013
17454
12447
6977
24429
2783
21526
15225
2860
23986
26546
12713
5587
30039
31793
23332
30903
29155
19748
29127
154
15906
26358
10724
17356
15662
28202
27775
17301
30272
27620
445
15576
12999
17323
16281
27632
17079
13933
4313
18398
23332
5827
26688
30886
17167
4727
29702
3318
17024
13636
9605
13065
2005
2268
24885
30923
30553
30256
27354
22334
6424
19435
25084
3356
6386
3647
25240
3262
3311
29669
7701
316
30162
13407
121
11990
11761
2945
13789
12946
14915
5679
9247
25895
12731
27752
11478
25882
11988
7300
19339
3111
32622
27577
25638
21474
1752
32740
21926
28062
1582
22150
9493
4494
16101
11533
21691
18730
9124
15958
15251
14548
2901
31087
28923
11452
6781
5537
8367
27905
22216
10158
23288
7449
6377
7255
13601
10866
20640
15393
20011
3673
20252
7257
3010
26396
2948
8534
9071
11371
5585
30206
17422
772
11230
7308
29571
29584
9410
31888
29865
2247
9821
4662
18827
6363
22833
8908
9687
15892
3699
6783
25999
17079
3170
30565
23554
1069
29912
26049
3835
4449
31263
29058
12856
2154
22021
28940
30493
30570
14131
3387
1194
17590
6330
2725
11179
25143
14319
14368
11054
20496
7289
9861
6458
12928
26280
3507
17342
32522
22537
726
7624
1236
18999
25577
3319
21582
2035
7289
11059
18963
15479
10156
20635
16660
27912
29571
31167
12275
12491
2396
24080
13741
6873
8123
19093
22908
2709
31049
5343
508
22078
13597
14910
26508
960
29755
32565
1527
976
30810
9004
20820
9015
8171
31845
12842
9838
25430
4145
3288
17260
14215
31588
22580
28092
31145
16134
1907
10450
18481
17739
19273
21663
27935
12997
28240
10339
15744
22489
20654
20419
4664
22128
18163
24091
15870
20462
24640
3093
9384
12136
22446
29563
22441
25618
13549
15689
23512
8182
24620
30215
31859
28396
11577
31829
20323
14790
8682
15816
20161
2507
31675
13812
11162
8295
14520
25546
15855
14112
10142
10533
13824
31692
17213
18591
29387
7425
23840
30121
8655
31438
23408
10971
3093
20392
3606
14984
13425
26023
24352
19862
11014
11251
25190
17548
14856
16505
2157
12013
20422
16866
30859
19653
18919
32197
22092
20097
1523
20251
30229
18179
23318
16628
17671
1014
24865
18793
26662
16479
10450
12498
22203
25973
18773
31033
29687
19891
26378
23054
27608
15915
6025
9243
22353
2589
18148
8635
27557
5320
556
18247
14612
9600
19254
18386
15545
16897
22942
25110
18867
771
27917
31149
3459
5903
5304
20613
13237
26512
4137
29838
27843
5165
11586
13749
23606
14422
18303
14358
12814
12061
19579
30317
29540
18760
27062
18638
13902
10660
18325
17303
21763
15260
30122
674
23615
30729
27702
13503
14569
27724
18156
31585
26868
14235
7416
29335
13187
29336
6720
30014
11344
13608
15850
29046
1614
11906
25118
24914
31117
902
28941
15316
16478
26449
27442
29208
28601
8718
8919
19663
11995
31246
20700
15855
4659
13084
26292
31401
7551
6154
16816
29084
12595
17040
9088
29000
26394
5463
5111
4805
8767
7248
4110
15540
22030
18250
10796
21111
18615
12996
32676
25501
21715
29439
10111
28576
28234
5464
32381
4563
28276
19413
29782
10646
27518
30462
15941
21196
7952
494
4807
17039
8236
17577
21153
23586
29786
24752
17184
4646
15362
19411
15780
26641
32281
32071
30816
10205
22271
28920
19547
8189
3752
29984
7354
32149
23035
30233
17218
5866
19319
15472
9753
14872
14108
20794
23244
21507
3465
31915
31382
911
29282
4836
3040
27924
4596
781
9476
25100
31260
23716
11350
12559
31332
16148
22885
12802
20336
26506
23422
25227
7577
20740
18802
9927
32471
6827
16025
576
10212
10338
18711
23833
26782
12703
3422
10636
2990
12921
17141
32151
22887
29443
28279
29937
16880
6361
31966
28483
29350
30456
9217
32405
23228
4051
11356
6662
25380
32163
2064
26817
23987
13566
23338
14636
28544
21931
22824
30819
31373
32181
7098
15844
19113
21182
22213
16268
2452
13718
3501
16834
15973
21516
11732
22514
23593
3332
12894
2365
9165
23242
13624
11630
23870
14246
4440
5680
11214
12465
31302
22655
474
6886
11483
19037
30633
7804
7496
2246
2456
3188
18011
6629
372
12910
32254
32648
3880
8384
29441
19922
21656
5833
14361
6703
26828
2435
40
22157
5713
30808
28606
27850
22748
1079
10208
11880
24113
31974
28169
27784
3651
22682
5487
19478
24221
18885
3463
10817
29952
26415
14795
9518
23886
6728
30395
7405
22182
18365
28706
16556
31697
26185
11418
31786
19165
30670
29266
22895
20487
6308
26895
10939
30687
6448
7537
4284
19622
21945
18808
12547
8955
16504
1606
12473
31159
20974
19239
18318
4373
21371
24014
32499
32022
14379
6114
29065
14115
30675
9657
7897
29428
8285
8803
10053
15026
4448
13546
1086
5720
5620
4824
4280
16991
20676
3066
30171
14746
11876
868
20476
5727
20965
31157
8139
3815
12199
3228
23502
4343
19055
3995
13838
16576
18105
8715
27152
24325
18512
26209
9990
23163
19995
16047
27207
4213
58
12910
24061
192
9298
24954
4125
30924
11300
10334
5533
31245
4709
22994
28129
24481
31177
12674
14966
1843
16994
25617
7938
287
2344
28766
23931
3031
17881
5638
664
24197
31491
5418
13957
1778
11358
7026
1499
24230
3936
593
14031
23377
10764
17035
32426
15977
21515
16629
11129
26645
19965
22652
5637
20810
25361
17769
28677
28979
18643
21988
17043
4567
12614
950
12509
22518
17203
23379
21277
563
27840
21527
15819
9081
17476
32208
2320
23703
27482
10109
27775
22829
10293
25429
17152
5068
10547
3083
2828
9561
9908
12113
14112
9138
22316
411
25195
21396
26999
16165
15818
12733
31085
7735
18679
5965
12983
13992
11262
32114
5601
673
17648
9284
5039
23715
15834
8430
29365
7883
16120
5903
13090
18261
4391
8544
25821
18016
17561
11670
9171
22768
12236
20362
11919
5433
23229
20375
19211
3099
10841
30787
28101
9193
24628
26402
22294
4206
17021
25848
6847
3122
50
2334
17861
14073
9616
11303
5760
15757
13518
28098
31470
11965
14090
20962
18765
8614
22916
14621
26344
4401
27402
14418
20785
4317
19891
5007
15632
16063
12496
24626
16507
5831
10016
4686
14919
2884
27971
31056
27709
1706
29809
28642
31601
14995
1388
17167
19151
24581
4019
5288
25591
19699
30969
15591
25163
774
213
28499
5189
7069
3259
9955
18191
13586
28715
7526
28749
17727
1320
21026
10813
30016
10476
25532
13827
27259
28890
16728
30782
8414
11188
30464
9183
14952
782
6474
1851
26603
20739
5173
12127
20240
32294
24917
21923
4507
31675
26928
19330
23024
11816
5095
22696
4310
23462
19737
16205
8316
29500
32516
23234
26810
16366
18669
3145
18584
23602
29890
27178
24852
31139
28671
25859
29984
20729
19406
22368
2795
20025
2162
13195
12897
19753
12261
17318
5365
31239
960
12278
12958
10874
16988
16258
28703
17097
18231
1757
23180
31563
2713
31040
17418
6687
17527
4059
7638
29980
13975
31597
13193
20491
25077
5139
11162
27412
11110
31581
28964
21879
13179
9383
27369
22653
26024
14247
9112
3757
677
322
18251
31554
10773
26276
6740
13789
10086
3727
19769
32376
1528
13555
20989
19867
12417
23744
5793
13522
8112
21496
18667
9054
23568
15880
1894
25387
22320
6232
9130
25090
24577
27937
23005
6912
13951
10367
8570
13383
659
17351
31569
9459
12856
15130
24784
30544
734
314
14464
31562
14859
26013
29650
32036
20808
8384
14876
21613
6459
31422
17631
24368
6161
16417
20811
15724
10015
30968
19205
24771
5064
5674
5159
17526
18337
2313
3721
24977
15315
31018
19007
13155
15297
3189
32098
24625
15083
30072
10516
23084
16914
15360
4030
3231
14238
29675
24732
26989
1852
22072
15484
27323
27851
28768
30658
23786
26233
24041
15792
1224
4649
16440
30948
30215
31257
26791
9506
11758
5313
26839
28244
17998
31742
32072
16591
21688
8047
1574
11992
18925
30239
614
20327
26006
29541
16658
31275
4661
17161
15585
1229
15708
4264
22027
25977
29
24154
24155
24219
11201
11921
11142
6118
3772
1349
9147
18587
1505
1102
30843
22280
11731
10001
939
4431
18620
24926
31464
25448
11329
9625
27930
11881
19381
5656
15948
9477
12940
26061
5563
20819
787
11301
29228
10193
19807
12335
22659
19369
21123
28417
20626
26675
2055
24920
9263
17338
28565
17534
5257
28547
5876
27249
31164
14603
21563
21825
162
16529
4670
8634
31468
22740
16717
1347
30066
5150
16414
25350
2248
8833
20743
15441
6162
25953
28528
60
29209
23603
6537
32397
2206
20099
25144
472
12782
22332
24406
21739
10422
13604
18458
14185
15897
1190
22485
1460
29184
18132
18656
6160
26033
22956
31699
7430
23716
17818
7928
29447
16273
1087
27136
17746
21966
9329
16884
28696
10456
28547
22894
28637
17968
29638
8456
24609
21352
6223
7189
19776
10365
7675
28047
23959
25703
12721
12625
5608
12271
29671
30086
15615
8897
6504
26722
8854
32450
2388
3600
19831
13731
7272
4843
21728
27831
24959
3568
26923
29441
2905
18291
20398
23954
27548
22546
21985
15890
7960
13288
32702
10140
20303
30211
30062
30159
11573
23
29729
2593
2356
17011
17982
29559
11379
16437
1724
13299
22360
9146
13263
6413
2380
30553
21704
23014
30142
22097
14134
28632
19050
10751
1874
23890
10971
18261
18330
22243
1326
135
27579
660
9242
32519
6836
16763
8749
31156
23609
14221
8792
6991
13653
1460
29102
11566
30804
27170
30313
23092
19424
15076
4142
7680
11626
28346
19858
13413
29388
10278
6876
7450
3884
30403
19980
1971
7971
17112
13341
15312
30
5933
904
20885
30469
15645
22537
20058
10779
24301
7077
31139
29222
9308
236
32338
18127
32123
29308
11291
19019
4031
7110
27961
14395
31061
28437
17503
15313
24245
19660
26354
28981
30330
12270
18293
5671
1905
996
9285
11749
3312
1915
28294
7247
30057
24877
7517
31817
12094
18593
16735
13665
30679
26997
27722
5298
8435
25402
16627
27911
16443
2752
16256
580
32029
20628
8663
17410
28887
28872
23639
7034
19666
20466
5829
20644
15154
10615
12681
19104
11691
29450
11034
12116
3734
6511
31159
9815
2116
31365
11608
17165
22162
16515
28132
23060
22205
642
10660
17887
18808
20028
2040
24225
31548
32531
29768
10605
18144
1621
21822
667
9833
2238
17458
18285
17955
30014
22758
17139
19953
30973
23924
25131
21729
29853
32388
29549
13059
22207
19394
29958
9596
32712
7312
14116
30934
4837
11511
21746
11674
22604
1764
18691
19233
5317
2961
8436
21671
31337
12609
5197
5281
5802
18736
681
12880
24980
25034
7447
17815
21075
6427
16063
23818
7412
29575
14537
10823
32112
2747
5498
18569
13286
10467
5792
20858
5672
9245
29489
13385
23161
3630
6191
765
32661
3189
28878
10761
30194
27677
31193
17952
28230
18070
9298
3146
29001
19013
19289
30776
9404
31610
16718
13524
25002
419
14394
29469
32750
21696
2411
9010
31477
24343
8287
17324
21445
26409
3300
15153
21566
21988
124
28743
6048
11546
15110
4965
31822
16946
10907
20304
25298
4382
17079
21413
24096
15245
20121
28081
14623
2145
17132
9097
30053
30563
21158
1367
10050
15669
19249
10483
21249
15241
31689
947
12138
18833
11301
5763
29068
24758
26201
8248
1465
397
6139
18977
22993
25863
20100
735
7364
19944
4858
31607
5970
3706
10444
31398
533
5762
13310
31349
31938
7539
2693
17420
2732
15586
13557
32203
14473
3898
25177
24471
20345
9905
21346
370
14660
28794
197
30799
31203
22588
222
13604
25155
16324
28825
23104
24645
7927
25490
31455
4105
24586
8059
30972
29292
19445
9919
30054
27855
6948
22116
1558
30235
32368
6966
9920
5377
13391
546
6056
4999
32327
10208
7863
3008
2729
19413
24270
12762
9851
2615
14682
32607
19382
370
28201
9140
24498
26314
28028
24038
13790
20034
4189
9125
10932
10685
11058
14737
27372
17252
11923
8373
15088
14151
19033
32081
21137
12359
18167
23261
8440
27699
2318
29002
3295
19249
29499
20363
1281
28256
6708
3924
29902
10683
32531
30242
29028
19777
17393
10107
12987
2387
3767
19575
11551
29277
3633
21631
24292
26552
21860
13141
9813
25039
290
16468
13293
27521
23515
6906
27850
19143
29622
14499
20830
7319
22240
32663
15464
26632
27172
4935
3618
27830
3517
13780
6076
12392
1128
25297
23306
4080
20669
1866
29306
22355
31934
31493
13640
9514
32689
7943
27637
7496
13867
17754
10485
11933
8302
17934
6568
28762
23284
25982
25483
23126
1356
28629
25008
23729
2853
11728
22123
6839
937
5829
25935
19719
6924
25572
26968
3828
14948
26813
31594
6955
25019
21762
15610
15254
26722
17294
15115
28801
6025
15015
32093
4860
21261
384
5601
30336
17553
28418
17519
19925
15568
5580
699
22322
16177
29049
3206
5031
27549
31009
14353
3512
14989
15138
13015
29515
16231
26144
30331
1732
25866
25418
2560
11118
22695
26079
25400
4381
5844
5105
31871
17169
20187
11370
29353
7710
4184
20044
16184
29194
30467
17725
25298
21047
18634
32578
5107
22913
14883
4043
17888
25962
19616
25584
7132
3189
31683
3066
7325
21455
11285
15909
14849
26676
4210
30372
254
24081
31143
22758
1495
15590
17471
13848
24726
23023
22681
23787
19894
17923
28990
5783
18208
21180
7026
29984
10585
29400
9737
22231
14585
31199
29308
17189
7263
32518
23612
1156
7587
26452
10822
9166
18636
23299
16120
10426
14915
10793
31267
17315
12680
25752
353
17548
15396
10498
25257
866
3295
28513
17696
7552
21298
21141
7218
11385
9983
7503
4322
23057
23680
7727
5470
30092
21630
1833
22231
28204
7363
23597
399
22261
29905
13575
2868
22451
2772
22148
30572
12094
1238
26326
19121
11005
10802
16697
8031
14249
16715
11479
4363
28499
30077
31465
29207
18601
22868
20512
32643
19317
22780
7491
1798
28262
12537
2841
13150
531
15640
23945
29412
19773
13222
4608
11363
15956
8415
15635
13866
22077
13993
27494
17248
12371
17539
2508
15256
19372
27576
6319
12453
31133
25560
11955
26288
5504
25448
3734
8840
27060
217
21595
12856
26086
8119
32167
25567
2703
15907
20843
24252
11710
13955
27331
4745
32024
18808
27422
12554
24861
1041
6048
26085
9645
22078
26052
16564
3018
28039
15174
1369
10399
10237
25920
22161
13761
13169
2707
28365
14006
11493
7560
23357
6068
21568
4279
27949
10666
10310
21288
21908
8069
32454
22457
7914
28844
27925
11199
31035
17612
5308
24816
3194
19675
10350
20097
17687
11607
15677
28043
20179
24015
15373
21683
12756
8613
1864
5898
17908
32274
10451
2610
28767
20842
7233
14275
24413
28578
2375
32236
14444
26639
624
9054
27794
22640
7186
25189
9969
28975
28545
12120
2460
3812
24194
15924
11433
3355
11011
2948
5000
13911
14089
27780
3219
30039
233
27269
12005
11159
12219
28051
27248
20762
17420
31318
24138
16743
16595
1846
26952
22994
24742
11458
10446
19708
11054
13651
23013
20381
32473
20460
20622
641
25294
27237
31063
15825
13606
30409
6443
8596
2393
8188
16238
3957
19190
12705
7754
29127
30872
14138
15683
29638
2837
5777
14866
3872
23800
10584
2992
4788
9778
6668
31665
1689
24588
2079
18899
4450
9568
14165
11735
17056
25353
20079
11151
26281
27800
26887
27961
18328
18760
187
6155
32661
19765
29069
20239
16471
21192
7562
22577
13286
10358
29610
6039
23206
1706
24056
21808
2705
8703
23282
144
29636
11699
17971
26363
20029
25177
5199
4031
5347
23757
1535
12999
29126
26989
5758
32110
16297
3974
10546
6545
17598
28941
14991
10984
2736
21136
6201
13974
30694
24427
25704
10494
3591
32319
26769
28121
29113
18848
31555
20101
8111
270
32079
2720
29410
1575
12843
24278
24606
14874
30616
28151
2753
20319
8323
16461
5824
25510
30505
19756
23530
30221
10879
17098
24177
3477
10961
81
12454
9175
14761
30259
8708
10227
12530
24766
24432
11722
17757
4336
26815
7533
18436
14220
32633
30420
11086
26221
29404
32212
20242
15387
27940
25163
22527
28060
9738
14494
5691
8845
7819
22117
16202
22385
18922
26468
32562
14920
18424
20158
9436
13668
5267
10341
28094
7288
20589
32469
13495
12274
1807
2306
2106
27274
5661
1166
27567
19739
6619
64
18454
7346
752
10930
20462
18149
14698
31049
23125
24679
28931
15210
31088
29145
4770
28139
20493
1762
24357
25288
27271
13185
12126
4376
7914
930
30043
8511
14424
2288
25323
2404
29100
31467
22877
20006
860
7482
1675
15242
18596
24642
21272
10808
16353
28663
1525
9448
27195
9458
16682
535
20102
3013
15315
17918
9066
30347
23912
24772
25794
19651
7746
7411
22595
3422
20827
21033
17758
14102
15190
12304
25703
2818
6847
13711
18678
23911
1427
10306
19342
26834
16387
8232
13948
22371
28789
31644
14850
30316
21708
20359
27573
18491
23785
10195
21796
26675
20081
11299
21946
29986
21969
31937
23526
30158
10368
23511
14712
27601
7300
30435
5967
2215
22840
25701
19505
14598
1356
10714
6906
31341
5645
24046
7161
12032
9191
15086
21911
25491
26664
13692
18489
15365
18438
27526
29032
31183
4324
32633
2608
20700
18897
13233
1221
32412
15954
23093
3437
22356
9825
27809
4761
15800
4021
24675
6229
14523
27716
2858
23267
7078
27143
11164
1187
29799
30717
27208
31543
13356
7282
26331
2019
17969
129
9622
24378
2262
21720
28927
19447
23797
29627
983
297
16242
25676
3917
22419
8468
8969
29041
31314
28819
21398
12267
18112
2802
16317
2797
25497
1550
18355
15462
21340
2424
10140
14201
1524
10624
13906
31789
11672
30866
354
21350
23280
17094
27224
1812
9337
10162
10557
27306
23850
1667
22621
18386
7768
28748
27982
862
10455
5277
17197
3714
24930
23640
6699
30785
27708
9920
12360
13094
11288
23763
22367
25396
10295
20186
11363
18463
7632
4158
21480
6077
16564
17821
24549
23735
28466
6429
17080
11652
23864
18688
29546
20376
31420
1145
10037
6872
6490
2750
17475
12626
5439
16479
29113
24363
1349
11990
26868
14040
13919
8799
27666
15761
30264
23050
1461
15363
28951
32270
30211
1862
9990
20576
28914
22030
15411
19332
4546
30245
10390
9124
10187
30233
2772
24031
16504
5938
8804
29155
4756
7078
13552
10686
11972
17680
25342
13297
6485
5919
12239
7110
12600
12939
16519
7140
2123
23630
5775
32545
4315
1296
18744
919
17510
25827
673
29690
10149
32560
17370
27433
20425
8945
13385
30210
19718
15137
77
1915
7758
881
2850
29422
4703
30013
30725
24757
14847
190
20120
28919
20358
26241
16007
193
14238
17688
18028
17753
32583
12047
16880
12751
31518
23842
9011
23252
27614
20652
23407
19663
19495
31331
14040
2094
11134
14659
12230
6138
14998
17864
32021
30383
27853
23904
24524
13642
21242
16928
29694
6307
4966
25270
2286
8445
8984
16031
17526
12252
9302
23194
5546
16407
3688
22876
15032
25645
671
3205
24083
32476
29334
4563
3792
27120
31672
20629
6224
32602
7170
27491
32031
14465
9226
31245
6428
22493
2625
8145
11994
20673
885
20945
25671
24952
1178
25028
29323
5012
4553
8427
3379
5763
32393
12102
17551
10339
846
19209
26456
279
19519
13386
10134
29595
25916
30972
1729
14740
10016
15648
19751
7468
2627
21306
4237
29980
580
14594
3609
9994
18181
19549
23408
9238
12022
19595
13083
5040
32407
31650
24623
8364
20792
29755
3373
7320
32515
1899
31271
27981
9277
14069
24100
30916
11721
8125
30662
811
3822
26752
4394
13112
1114
2243
31504
12478
2150
31753
17212
4478
23707
13641
10780
2111
19573
26271
7082
2593
3432
28994
12180
24110
24609
4534
29850
19250
22286
7235
2872
22476
26144
23973
21382
20678
8144
29701
12892
2466
17248
13352
12729
2933
99
28391
102
9721
4991
10975
5334
5853
8306
9833
30545
15199
27987
13773
30546
29
25370
20914
20525
808
30563
27097
244
7259
25455
20491
23452
16363
19564
20304
3932
28478
16630
17250
12886
11265
12253
17505
3705
8565
15401
15048
13734
30729
4699
28576
8465
1838
8950
27892
24555
22887
26174
17028
6462
13983
3392
701
25880
10432
17426
3049
16619
11905
26972
29092
9012
4224
24343
6799
29275
3216
22677
26184
25306
19284
18882
28569
162
21517
23465
16111
26554
29360
2618
270
28714
17468
20298
5636
20759
23882
32475
3163
32559
16101
14494
23699
19016
3485
4790
30928
32323
16087
25023
1231
2871
12391
16911
18974
30924
24161
17979
15501
10468
11051
28381
8928
11649
28119
20373
14278
13795
15024
1358
22287
22256
6675
25027
2841
13017
8577
28737
3723
17403
8945
14254
5702
20227
26219
24010
30617
16470
8658
4021
32436
30896
8962
21426
2400
19722
24603
10282
14829
15810
25115
5108
22123
10486
15795
3027
10269
31792
3667
20800
28458
10569
10120
11882
16022
25223
28807
13180
21617
25097
7690
22814
16974
16485
15962
11326
31223
7823
19373
26384
4703
9981
14515
6995
22744
10760
11116
20951
646
22934
23100
17212
4628
26614
16193
3580
17829
3595
5604
3500
8462
15533
22190
14206
26690
32076
9566
8203
7693
17878
25912
3663
23302
17371
26527
16373
4287
25328
26854
17109
3390
4689
20324
1980
21169
3530
24774
4715
5981
11735
25001
27362
472
778
21353
13278
30072
16557
17459
2720
779
15017
25954
5104
20936
31398
23560
23138
5254
12404
32714
25048
24364
425
31730
5192
28777
31884
1727
27583
17317
12850
8959
32166
32567
15335
8160
19269
4824
12240
19204
31621
6743
18638
2259
25082
22671
17828
18197
30496
24215
17245
32192
9701
13112
5864
12814
4712
3748
27142
12243
15873
32356
8038
27918
11393
1427
16909
19390
28347
3402
1020
11767
13891
14683
4109
4148
22133
30018
13087
7663
22201
19800
8306
29807
31238
26698
21844
2018
24485
13514
24574
24235
8504
8068
3513
5885
4602
25940
17477
27305
840
21942
2682
9524
12897
6526
1072
16429
17258
20937
25949
6589
28085
9011
8317
31104
15682
330
21559
22419
3462
20035
15421
6639
8556
8940
10612
15349
31898
21218
17749
5193
25077
260
9363
11492
7015
22567
27901
24933
28384
15372
4775
14248
25754
1679
28740
9882
17058
9504
16087
16204
24980
10871
12427
27718
16037
10372
13022
15133
28391
26277
7173
25672
22473
18460
18316
1327
20701
30400
26174
16517
4831
9714
1348
14552
6130
467
4241
6502
20780
7861
21629
8499
21845
31951
17071
25688
27884
29748
32321
14238
8043
7430
29471
31307
9677
2022
31920
12860
26188
23216
24505
11828
23919
9573
7038
8820
6212
873
22058
29580
9194
23791
26736
9072
5715
23729
19571
5326
5192
28132
29667
6303
30894
22123
18793
31229
263
16715
24902
31796
9020
19807
7479
32539
28825
29773
18331
15781
10777
23992
27095
23219
27108
29367
25082
12332
1558
17798
31645
5200
4290
8572
4110
2377
6455
22333
29101
2819
4737
6449
9877
28478
819
31797
13951
3042
25188
28816
4068
6034
17912
18216
18530
30851
17953
5878
15457
30095
14884
5815
20982
32133
12897
16100
25352
30916
21390
18405
4785
22792
30531
22658
4582
23427
13755
30874
5979
12592
15577
7191
3745
356
6249
23073
17041
31398
20393
9362
1774
26048
31751
5034
9542
28438
15661
6661
4377
6711
11835
13513
10046
5042
16467
27684
31873
21803
7771
14326
32657
20397
32254
7370
29210
4162
500
5387
32046
4801
4484
6773
25833
14056
18759
25545
8021
2986
26926
10949
21131
25802
25542
3667
32283
28329
29371
25857
21422
13405
21660
5041
746
19458
6109
15505
31894
7509
5922
23118
28927
30335
2747
7045
3482
25390
21354
4731
15850
31210
25197
3341
29604
5031
25272
10474
14866
8598
1923
30719
6325
5441
9220
18739
2350
3799
28798
26965
1119
17860
8314
28754
27341
24453
11860
28332
19528
10427
32762
3879
21199
25726
18673
198
21678
9715
19865
15605
20969
26657
27569
32264
24797
22528
3101
31204
20005
1235
25063
13564
29627
27320
6789
384
2911
2942
25434
32464
61
2486
26751
11575
970
31245
12482
27094
27119
24281
31471
26334
4201
497
79
29699
21872
8386
16495
11053
24982
7839
14882
21872
18675
12633
13769
7230
18303
15376
1234
23259
7359
19528
23167
9234
19108
27967
8681
20519
15280
17791
30020
9996
5210
12975
6756
31447
13236
22446
10368
18036
10059
20707
15159
9367
5710
718
22224
13045
26611
14051
25030
13748
10519
31385
22404
3872
29989
29886
6253
24479
26168
9485
31519
25063
20612
16898
761
22382
19698
10477
24539
6434
22282
5190
6956
8283
534
3136
5666
7182
2436
17824
15677
26179
16525
25296
5397
28105
9492
19247
1110
26664
6609
3244
32521
24535
2990
31635
30485
29359
1649
1190
13829
21664
31900
25968
1035
27299
18065
16086
16453
4591
7418
13807
20032
26480
4712
5910
31931
9077
20538
12093
18861
23977
6849
20356
10121
19780
24738
12042
10176
22914
22907
7938
11911
3669
30665
17674
5084
18774
12809
20409
21955
13058
26397
22903
16342
22563
25074
28050
11260
30604
16480
25486
16505
22537
16721
1212
20263
14998
15910
12302
14850
15567
21334
28713
234
16296
31832
14268
23717
9822
9924
14352
2852
430
181
1505
12551
31556
1649
109
29795
5494
4940
11978
13506
4914
31177
1916
1131
7221
26371
22087
18148
29054
5451
13378
6326
17923
4627
17965
25712
4002
6923
13572
18670
25690
22153
5332
13531
14267
27438
11726
23413
3227
15047
23450
26256
28427
17521
30446
2526
19082
29185
32094
23405
28792
21666
27510
5489
25293
5312
32006
9540
14090
6437
18365
11179
9584
10594
25593
21083
6256
3953
6110
6844
20580
31896
14502
2540
28540
13712
13879
22023
507
18919
1275
30886
22179
23203
23020
19109
15213
13352
27886
3370
29310
16220
13666
994
29527
3592
21752
1166
19532
1666
9412
8127
14391
29321
6293
18141
15469
30064
27778
4974
25329
11647
20677
5013
25832
1174
1997
16345
22861
29715
10894
32296
15334
16374
1820
22044
24695
27971
19832
14973
9781
30632
32425
3078
32637
2656
21007
14700
8646
16471
1269
8348
29141
12175
18533
5444
48
17346
16704
12438
10708
11337
20110
20041
12586
24892
2578
23264
25400
987
14113
22318
7444
7724
5045
13594
17823
1510
16318
29088
3951
26254
11960
4120
5901
14048
22402
23227
12641
7536
5742
3171
32362
2193
30101
18322
5171
32118
20333
32438
22018
25239
32669
12715
19410
18774
5647
9346
3587
31459
16455
29569
6481
19549
23796
10346
7939
32314
28101
13569
9572
10984
23422
30408
3191
2228
16459
10253
19175
748
11348
25126
30525
28224
6289
5372
29013
23662
31712
6086
16403
21279
13909
14103
30546
27147
18129
25627
14877
5220
32470
26909
11554
6514
10393
18253
28003
123
21337
8641
24367
29669
14832
22969
26961
24478
30632
16423
28807
20156
32591
111
10038
19553
2190
10347
1371
19426
26486
29106
31941
23592
604
12314
15746
10838
23015
2427
7831
6059
22375
23222
32500
26283
21864
28150
12966
17273
5768
26166
20559
11144
7813
1028
29395
30834
8602
10116
17237
4648
32268
13239
24418
3148
29696
14077
28523
13019
3983
31961
377
18959
31004
27893
31772
1412
8165
23398
15780
31385
29401
11824
15252
4633
7082
31757
13908
15643
28706
2154
21798
28966
3514
16563
15963
12185
21353
7888
32711
7242
11706
5360
23410
26478
26913
26245
19600
3769
32399
4751
22708
14790
3652
13086
320
13752
31973
30226
26912
21538
26318
4902
696
12580
23977
25389
23066
9431
9279
31899
20349
25579
23695
31046
21995
5007
23581
18798
2617
21649
6797
14331
13884
2503
28272
1031
5178
23981
3166
13212
26271
19279
31813
959
14321
11882
30976
6573
22278
7886
28204
22884
25461
6918
2103
1381
32330
17979
2745
3001
29438
15702
24840
9266
27814
18277
7431
9203
2922
25920
22590
10802
28217
1132
11056
2621
1211
22847
12008
5819
15751
9285
15574
12853
25751
26339
24793
18645
17912
19258
12701
5997
26822
17230
807
25530
30296
9064
10158
2539
8632
15289
12973
861
9046
13631
29238
19113
7421
13805
4745
16608
31237
4102
8165
30741
8139
202
23198
1820
606
16980
4464
19090
29051
29891
30227
14109
12732
8856
8207
8437
13836
25695
12754
7332
3422
26514
21504
23818
22687
23738
31498
12963
23784
4311
11010
4109
1529
13826
11694
14276
27875
8017
28379
30513
14084
29691
29427
4835
24888
7612
7122
18460
19278
30331
12246
1935
6073
31019
22325
19816
13192
31215
916
14989
6809
10625
30165
21283
11273
26580
22064
1621
8942
10744
4741
25424
1865
30527
30448
8082
11062
16798
13471
21093
2150
7509
19168
2470
4559
7122
1662
7115
19874
19923
2894
23333
19326
12492
7173
3681
19171
2952
5196
21077
9705
32274
18711
18682
21554
18646
17202
14772
6685
3844
2076
1754
14396
6197
25881
7282
12041
21841
28803
15420
27348
11440
13665
19187
27648
20863
15675
719
16239
10854
27692
12110
23355
2919
25400
22068
13223
18186
23776
29136
7253
23223
14324
8322
18873
14947
9385
28026
1741
32623
10219
5826
29446
32460
26868
29823
23687
2660
32030
25972
2710
25013
9717
25799
3148
5567
13713
11528
24464
25633
3363
3183
1094
19839
27085
20069
20419
27430
29623
24134
5252
18419
17247
1894
29216
16497
20784
30290
24956
11841
855
24408
20798
25279
19922
28233
26244
13538
6345
25469
13781
9828
24866
536
2136
25635
18256
13196
323
9672
107
1119
14231
12454
23942
24111
6155
485
23869
8947
9029
25567
31629
3459
23632
29386
13289
31579
31563
21656
27017
923
14430
10267
10758
32595
17139
28525
32292
26366
14626
31119
15598
10572
13164
3920
5385
24357
14509
26480
16450
234
11852
9734
5481
254
6325
27423
27746
28549
16393
13480
2169
2923
3347
6030
31990
25768
12927
5155
16369
29635
30278
2500
24424
19093
12141
3513
3215
16976
19439
10588
29031
19136
29432
17277
1170
16080
5971
14598
20326
25167
3622
26843
23104
27892
32221
14084
13083
18080
14692
19214
16993
22756
23449
3502
25088
6595
14081
10664
27329
13241
28089
5103
11222
28412
17840
24334
177
16385
3348
24006
31005
8002
8970
22777
18311
3647
30882
23751
27036
28098
7690
24822
16154
2408
12290
20631
735
31837
14735
13542
23111
21351
24052
1907
28340
4134
24286
28543
17774
29082
21215
28329
18862
9701
8221
16586
15605
18770
3916
29469
418
22167
2777
30371
29636
27735
24168
12741
17453
3051
2689
21820
2504
13666
134
30766
32044
1222
23273
16281
4720
13473
26011
5365
25921
10688
2760
12309
11059
27703
30657
30799
8277
12710
3642
220
8712
23738
30133
9345
27665
5622
24894
1135
11244
25011
23897
28265
24163
22373
14905
28196
11104
24097
26162
3571
13312
4700
19569
2724
1768
14582
3051
32420
11996
25463
6803
18538
3982
10648
10448
12307
1203
7173
22830
4170
30556
21601
8276
1643
23940
18058
24886
28136
22501
14111
6539
10987
25105
31552
12930
2109
18621
26005
18864
11366
23136
1170
1613
27158
1533
5625
20129
28611
23612
21408
29113
6804
9920
32116
6494
28798
2485
17598
6216
1453
25512
31909
26766
20773
24476
13300
28257
13481
27994
7198
21242
15323
5128
24960
3025
22182
21245
22757
25104
4825
1236
9807
3655
6420
30911
16629
15457
28904
13854
30856
3031
20538
7761
24506
24611
31208
24778
16385
5496
28592
30054
31384
28080
31565
4349
31432
18822
21218
18488
7525
517
23708
21666
12699
30272
21907
12290
30443
8516
24562
31209
15472
19531
15448
23431
1383
12594
12926
24002
22254
8493
27929
25994
4876
954
19714
19046
1266
16851
30612
15187
640
29032
9301
26063
18187
21772
28121
4913
27486
1007
10724
12347
7934
19980
3279
29426
1715
12451
7213
4781
25667
28394
13486
18029
27521
8960
10051
32108
26758
23330
12674
1529
6975
5921
21837
5762
27688
14867
21422
27891
24150
17481
20230
30783
25275
27010
22631
16443
28838
22366
27710
32691
1929
16406
8757
9400
32255
32105
5207
11063
16909
24538
16757
1488
28328
32280
28361
2276
23160
6334
19674
3056
988
26172
25503
13594
32302
23317
2535
8970
17480
16972
27641
26875
5191
14872
25975
4370
14479
26847
12936
6382
25103
32354
15413
7296
30662
21814
1044
8989
32645
18547
29476
17105
1015
4528
4089
3575
7136
17198
24601
32518
30370
12883
30885
22190
4613
26202
572
8228
32055
24394
13340
20410
19730
18724
2698
12210
9630
28513
15477
3924
31959
1179
13398
26686
31408
4747
4186
28156
6743
9779
28099
15320
28859
3164
907
5363
15436
12867
20555
27285
8705
32400
24412
7362
15264
13959
26940
10510
23354
17282
21299
15282
10228
27807
21046
22238
30734
22710
13579
1105
3101
27790
6574
17704
3995
22864
4596
13299
674
28475
31598
3342
28917
2202
3728
4399
6720
8435
26898
30267
28577
27778
6039
23134
2662
997
25229
27994
25
30745
25172
17439
14266
25253
7842
2717
9291
17941
