3820
18873
29377
1038
8425
13890
22505
7572
7588
30575
13452
21610
2846
4170
94
32522
27963
7993
8700
25644
16419
32468
23666
570
29161
26868
13824
27397
8043
20492
15390
1974
6265
25277
18621
22791
28473
28068
11472
1971
5833
3959
25611
22826
21799
29520
13802
23690
3150
1352
26614
25547
7842
21832
25924
7481
29326
7196
32574
24872
22892
5833
11173
2019
23973
11297
25559
23525
15385
4244
2382
31820
3265
23625
29546
17290
24210
18286
2672
1630
19109
204
5074
16131
17046
21150
5041
30887
7722
2467
26528
3870
11316
21106
32427
5848
19129
270
21144
272
19026
30394
1644
20551
8402
6670
20017
28913
12073
5451
1015
2670
7816
20204
3609
23611
6342
20605
31425
31594
24579
4016
29870
1103
2443
19886
30005
5245
24572
171
22406
8433
12460
31677
12593
31884
2117
18670
5097
8903
8882
27024
7303
6818
4671
28880
29522
1501
25083
11406
8573
12395
14177
20588
24561
13348
14136
22309
17229
1210
12728
3617
26923
30702
23022
32582
2726
7683
3170
11536
6169
32371
26870
21732
16936
3298
17425
11169
5125
27216
13053
18553
748
18066
14222
12799
5872
30211
20229
16768
4346
3959
26675
20631
12815
9840
1250
25852
2001
30101
2672
20125
25161
3423
1469
27632
22243
23318
26184
2183
29882
7164
29844
2533
3606
4296
2001
24208
15155
1365
16056
25447
31301
156
16311
13110
4280
12512
17486
5256
4540
26664
29625
31164
11777
15602
20687
18267
12479
8998
16170
21673
19962
4425
25480
23162
9732
1523
25457
17479
8771
387
18458
6017
3892
18449
2186
25893
6064
32676
32507
31121
1391
32421
19843
16022
27338
24212
30195
974
6597
9978
10496
8496
3148
9375
4256
10209
8637
16636
6583
5453
21927
28147
243
15479
21458
31166
9972
22925
3455
24358
28593
960
13296
26101
12567
29011
15403
10157
29939
16881
20476
19578
4625
17219
20537
5222
24741
25538
19529
204
3563
18378
4839
12815
21259
13552
16420
19851
4927
18326
27819
32716
9527
9917
25161
28414
19389
10778
31149
12709
8597
9835
1388
7567
31911
21515
28232
774
3168
964
25777
10314
14165
5605
19340
6462
31785
26517
16436
8033
22961
10855
25534
30208
599
23087
18818
3754
24252
17683
11990
31205
9122
23013
24605
18463
32520
12464
28417
30439
8342
400
7676
15965
8508
32199
9501
21223
3607
16142
13321
28454
6804
16681
21824
14889
15831
6590
5793
24032
16222
25191
6961
25043
30433
2310
31256
7699
17277
31321
3820
23153
32274
23246
7986
28143
27370
16792
31010
29300
28315
10754
28587
24772
2606
3843
22455
10414
25216
25875
27312
6536
22249
26174
12867
11992
27420
25719
24932
5460
2126
5678
16018
31757
22939
4389
860
1511
18341
26495
21796
28492
22398
6938
15139
15393
28872
23326
13741
505
20250
16342
23222
8841
8870
30911
7062
2653
9241
8415
6153
18377
8131
11608
8826
3617
15352
10813
22913
31020
32438
14756
31402
9431
22151
2301
21112
27943
10921
12450
28073
27249
13933
12719
28604
32205
13277
1555
12977
456
6561
30439
5136
29529
28708
11519
4908
10007
498
12223
9385
24232
27493
17968
24380
21117
19840
28243
26034
956
10267
24246
12852
27262
8000
17988
9929
21563
12246
15969
1820
1666
6012
9015
16256
31214
29624
17994
7473
16725
23633
12115
23516
28994
31993
24395
11362
7078
29231
18886
6362
13258
28004
30850
27093
28296
25693
3392
28901
29371
20440
5586
23648
28148
15730
26230
30817
24943
14536
28258
272
15173
20445
15008
27171
4066
14012
6940
16293
1978
20062
7676
1014
21816
4813
21807
12052
18167
13450
6729
13080
18997
24876
17550
10756
29061
32587
1356
4283
21443
24988
24175
13137
22349
13661
26447
11909
15728
12276
21452
10892
545
16339
29085
13073
25582
17566
4069
20601
10292
4752
1287
18027
28561
17691
18108
7056
11932
9422
18531
20119
7892
9340
5016
23677
15319
14747
20231
31755
8405
5098
10114
12960
23107
30807
20306
9776
32724
17183
1995
20621
10917
21815
26916
30693
7095
28907
23685
4236
9891
18885
31840
27644
13449
19376
20229
22811
29514
23901
3953
6588
1271
8678
30823
20839
17289
32177
17859
20829
27858
25240
24586
26071
19123
10054
26181
2191
11152
28132
2576
7297
16129
24054
29166
5875
10954
13695
5599
14771
27662
30060
18997
17056
22719
11567
27811
13419
21849
10667
26519
7327
4816
2896
32713
31455
26822
1927
8212
11631
8194
22864
6022
1783
16670
9513
32179
29059
15231
21555
12622
17101
30859
10896
9466
9663
12053
7439
28253
15668
2844
10763
19318
25599
32182
14736
4657
11822
18759
18624
15929
3984
7670
25717
4366
19316
23138
14120
30807
4532
17552
11794
11897
27890
20265
31120
18792
26146
16098
27852
11198
328
17467
154
3082
30595
23916
32160
1642
21067
5276
4538
27740
19447
28245
21661
18129
6530
7221
32698
16003
398
18406
23909
24201
25769
2640
13110
25896
6864
25356
11183
5869
18993
17436
800
18424
6965
1498
31688
3995
28094
22319
23869
23076
29614
32261
782
19702
21672
31743
16038
12511
16154
27495
4211
22181
2683
10344
31816
10722
20177
6781
32000
26130
5495
12841
23397
8683
1821
28393
27728
9453
15120
359
31249
15161
3004
24048
23824
31654
5231
21288
1973
13330
15455
30972
2438
28662
29423
3033
19855
19773
302
2075
6151
4951
5280
6601
1840
16521
26434
13439
7039
391
10440
26539
2813
18244
3369
17148
25581
28425
9309
24344
17071
12485
24421
24206
7908
18340
26253
31499
29651
2274
9454
29392
18444
23778
11574
27235
22602
20090
23468
5765
27038
9361
22894
16997
1738
14829
25853
1555
11499
1862
1020
16695
11100
5023
565
11779
15062
16086
25053
8294
4060
6777
8473
17795
27734
17627
30913
30561
29820
31335
30819
30948
19189
20789
9099
11772
14400
21211
29761
9244
24916
26758
26324
32494
20867
19785
29398
7493
23460
31412
5480
2643
5745
17321
20664
3868
30766
4459
17607
30762
21900
30456
17776
25474
18380
3737
4518
10968
15911
21943
4093
15871
15982
31472
13419
419
6382
21098
29520
1594
5014
25703
26037
11064
20572
18970
721
642
29404
19642
4818
2086
18754
31444
16090
585
31851
10213
25159
7521
2887
2600
311
6308
5506
27309
2123
5823
14691
7083
14764
26316
2292
10519
27468
22910
23139
30581
31343
30367
30632
17647
6249
9917
29032
16548
21673
9504
6425
11330
2038
19967
26216
15319
1273
7411
19415
10212
12796
28587
16043
9652
28657
24802
30213
14827
29366
20366
9551
6498
28311
26202
13785
3122
16149
14167
17348
1807
27365
16366
25120
28376
10556
26906
27217
14955
19530
22484
23223
26302
13572
8654
2190
28972
13351
14947
10514
19468
31866
11214
30183
392
2643
28827
28857
30893
9308
348
2592
4286
22935
27293
12230
1742
8352
32538
1483
22925
31795
31279
20328
8035
18669
9871
19155
699
6231
23865
1123
22690
15648
28840
25845
1424
27818
22602
32654
9349
6601
12340
25154
9304
27847
24852
28244
20300
31915
1127
31646
28901
11706
22764
19251
3578
22847
23384
3396
25354
8840
22347
32320
7380
7473
1155
24383
32545
10405
1104
19873
28133
9441
21319
15858
3206
25723
827
7697
26492
32739
20841
25234
23578
28138
27891
864
12971
1408
400
11175
7873
19650
23169
8433
6602
14644
12743
9615
19428
17738
32659
23098
30451
32558
24062
25338
6128
29885
21754
21319
12932
8402
8840
9582
31445
15816
21292
16695
20896
8506
16030
21957
18056
1293
15555
2749
5293
25009
9947
19627
19841
15779
30972
14497
9687
5687
10175
27425
6461
17812
32313
13884
22412
2560
6189
764
12477
4702
19583
25088
29438
13300
7148
3942
28421
11634
30713
28142
5797
6960
30249
15707
27039
184
17267
4125
9402
2948
27635
17454
26390
29449
19168
826
16829
6644
14014
3586
25979
21683
15829
22274
25328
31031
1761
12369
12515
7160
10763
4298
27865
7738
5656
13417
2534
29071
21985
7159
25028
13470
18947
12266
23586
3362
10967
2695
8254
25398
26277
11593
1206
25039
12308
9606
12700
24714
20709
25680
10440
6824
5345
19866
10354
22358
24848
17051
7168
26418
19244
11128
3868
6924
17749
17437
22282
6121
12806
12395
26168
11342
29768
7065
32279
2747
20518
26324
13098
3445
12128
11049
30557
26504
7780
4773
7831
26381
5497
19643
4498
11433
25150
8677
8939
31830
17747
27278
14965
2918
6230
27952
19155
28613
4113
26554
17734
5246
28401
18484
32707
22400
15290
22693
16713
13475
20602
25141
26737
8678
21948
2959
24647
250
32253
30345
22360
18949
5476
24839
27916
21408
14765
19740
18742
23585
20071
29811
20970
14368
351
2798
29583
18996
29532
5260
12084
10238
22796
21136
25384
4201
10303
3040
452
5935
9555
13483
10892
10656
25839
14670
22903
20639
5621
28793
8330
21485
10161
30861
8107
8874
8279
1097
11957
9496
14252
23206
28104
23459
2563
3583
12259
28446
30571
11893
29620
5712
807
31634
24238
29871
18270
22829
28253
22123
20756
2957
21494
28078
30809
32465
11827
29987
2240
7566
5469
23477
19987
31419
11690
23961
22853
21194
13258
11918
4520
10264
14269
6499
26208
32391
31207
14522
13336
31337
7782
11533
13044
26273
10915
29678
198
26116
295
17555
7044
21510
20401
5521
24570
6290
9093
12264
24764
29497
6150
29504
10591
399
21383
12146
16872
1234
18015
14154
1669
10957
24635
4236
10107
24060
12217
25908
25952
24817
8242
6658
23946
14582
18902
11830
31431
11252
2047
18585
24142
21908
18879
5564
21750
6051
20667
23428
11430
27067
21053
26086
32269
19488
11908
12528
16019
25064
12895
29705
11919
30303
5882
29305
30650
29097
13303
13612
4068
169
6080
4530
13285
29730
31260
8843
3799
6940
15617
5282
24962
7306
28586
28183
15896
5161
2024
12865
11299
30379
17853
1780
18619
277
29991
16127
14076
14182
570
28153
29879
13945
4977
26942
26472
23852
7750
23092
13672
4290
10752
17875
16228
8326
13517
11620
19982
3249
28432
11400
18450
13454
16636
14461
1100
12252
20066
25757
3128
22388
27847
20519
25258
16684
16314
8514
8895
13050
28517
12607
2835
20829
11617
19999
18740
3320
31695
13653
6487
4992
27300
11213
3658
18393
16196
22316
5546
1404
14931
15450
3158
13084
28615
1854
30499
26761
25922
32712
13266
11220
27296
20533
13887
2484
24779
142
9690
3368
25303
19314
28507
23134
1355
12310
7858
28884
8124
25994
5437
22717
21665
4926
28734
16294
19298
29380
13196
18521
20658
16087
3209
4610
20767
5021
16723
14992
25063
9257
8255
24670
19470
26948
899
26387
19885
11629
15666
967
1421
6686
32622
21607
15604
10833
5337
1626
959
9795
32076
20580
21169
3192
17100
17355
10251
3071
6841
14521
21085
29687
10057
23010
23963
15442
27957
4966
22131
3033
20914
26873
22494
24432
13475
30529
5878
13980
31501
9343
24839
26946
7627
17522
16360
2738
4227
13177
14476
32227
5336
11511
22484
7936
19937
24827
423
9764
10202
3361
13893
10083
26650
7347
16856
21513
31045
5140
2637
24870
18371
19295
28513
14154
17009
15435
28927
20365
21398
26450
4041
25042
26136
5138
7157
18509
19184
28915
26202
15427
4827
22026
1994
20497
12370
12093
12963
19056
30141
20904
17057
18167
17380
16448
32502
16354
31910
9142
17053
25873
3565
31135
32491
25684
10465
16081
19559
1765
31068
6416
32219
18486
29086
17386
27051
18925
32323
17631
23910
18733
13938
10949
28571
31000
23638
23659
9198
26258
16850
14973
5482
18759
25968
6311
6937
26095
23451
20989
6866
26065
22543
31899
32339
18309
27533
136
32400
19711
18899
5601
14666
2761
11211
28211
17634
31888
8707
3368
13936
17122
27485
5222
19984
28214
9224
1716
15740
31533
24750
18014
15584
25623
2543
21211
25065
27577
3087
2478
27935
1358
12011
28298
374
32203
10802
16057
31263
19047
18897
21439
21156
8283
13999
6458
21812
14822
14235
6668
828
27797
32387
26812
27703
29889
21990
26394
26310
6745
17035
12578
24579
4834
28020
12067
13586
17595
27150
4897
19194
20390
11434
17783
22707
32388
17712
1216
6017
1632
12818
15608
19840
13999
24448
23007
26239
32470
9947
6302
3857
27885
25195
7341
1506
2499
26964
19444
5960
13858
1990
13873
30490
27988
18293
2969
27845
4325
7241
26306
1436
8619
18774
28096
16752
2564
4622
3727
28001
23903
2997
23217
8435
12542
8982
17943
4453
29178
10869
19781
12094
23687
964
18098
16936
30841
15130
25453
30465
16135
9568
8966
5168
19919
22350
16044
18485
19227
2198
20371
18052
24419
14174
13465
9876
26643
8180
31528
14643
18317
23741
20318
18460
30322
17007
14187
29643
14878
19584
7739
9104
9329
11743
29014
15331
16597
23009
22020
3831
4732
6526
14772
15250
18410
189
16798
28187
18356
22637
23976
14325
31367
20502
646
28939
30315
3119
20262
22444
28489
25745
8523
25242
4267
26412
23928
31069
9412
29433
28175
1757
11440
32559
15802
6704
19965
25274
12554
2481
14697
12265
25438
19538
28397
30823
11015
32051
763
3436
10409
15731
18693
4148
26084
26694
1854
26289
18228
19783
6052
26749
21782
25872
6718
22546
8301
13320
7330
31805
17955
20349
23227
28112
22035
14579
31945
28056
8487
955
30377
22158
12989
30919
27735
81
31056
11452
16305
9684
25172
15433
11134
9300
28001
8888
4014
9870
31380
24258
21219
4142
22579
22952
32049
15754
21391
17535
28706
27536
20783
24523
24574
23549
12330
24912
29257
2513
31957
27685
9612
511
13982
20234
26201
13416
11576
31995
30089
20746
14585
29702
968
1397
21120
1625
9812
11903
19866
14751
2305
21049
15207
12429
385
30242
14264
21175
26594
9626
9660
9897
22616
15513
8156
4659
16957
19104
7907
29956
26710
8688
7266
20858
13912
26363
13395
30649
4010
13336
2556
26363
31597
9594
29718
22823
20922
24931
13359
11428
20010
28821
15693
8303
11164
31498
19924
5739
11570
15588
24745
20473
14493
18343
14744
22729
26011
25510
4339
5104
9917
9659
8828
7994
28526
3387
9093
193
31537
15913
25686
21182
6698
11178
8399
24992
9952
18105
17487
28763
2369
1308
9428
5891
27367
21655
31075
28569
153
20063
4010
1317
3349
16081
1252
14596
268
21860
1533
4740
23663
4317
23286
11438
13545
15298
16780
13923
1453
3344
23316
14507
11377
16688
12714
5961
14266
16168
6282
32659
27227
7695
27582
14720
6200
7875
29434
3843
16464
28126
27588
15767
2043
16869
32471
9755
31599
10691
9418
12001
14217
8054
15853
3074
24779
13065
24948
25076
2977
25026
10199
30302
31208
28060
29816
25386
20912
18679
647
32732
12609
27279
14626
29987
17501
7595
2753
11950
16069
8855
25554
8001
24575
13139
27808
2824
25685
16525
8825
19499
1825
31437
3088
17826
31304
31728
3360
30795
30469
9431
7506
28218
19432
864
26209
28752
3102
21653
3452
14863
17394
30500
11244
8108
22164
25104
15094
23142
26905
29605
30467
28439
32452
11441
32254
25353
10884
11249
11518
13066
31165
32202
293
16579
31819
5177
32712
10821
3525
31501
27087
16357
17406
7252
15967
3146
9938
10515
20663
8900
5407
31290
30040
10207
31505
32214
2665
18489
15779
1161
24409
4496
32610
823
16326
25119
8820
7427
9630
25131
11226
2426
22148
15321
27634
11021
28789
1346
4160
27077
10667
4297
621
9778
18369
6061
14480
22693
4633
29402
23213
12447
17275
22021
24955
18568
16126
16631
4715
16804
3116
6953
31973
23620
24161
11666
23765
24633
11124
28349
1638
27022
5529
21790
16141
28023
11398
9126
10186
2948
18901
25749
7339
32538
3242
1680
11665
17700
14485
20467
5174
18950
31674
7272
19311
13266
24623
6329
11183
7359
27813
28898
12493
20951
14411
9323
19719
27119
30191
29940
27974
18652
14950
8978
4772
25316
559
27993
9515
21619
14931
1466
25567
8719
20623
28944
5631
13454
3765
1269
24969
25991
17744
30682
27388
12294
2439
14167
8801
22916
2628
30911
24972
10006
16533
14328
16288
29412
32594
6281
15825
13789
9728
23797
12654
22953
31477
26696
3870
26335
28861
32239
31594
25465
23229
13260
17531
30085
21782
19082
10533
7709
25548
24622
4389
8344
3368
12527
6823
27138
29530
23112
8460
3274
12643
21579
8425
9403
32562
5432
7507
14125
24845
4942
27226
25469
26163
6369
211
30650
15040
7853
16219
15777
4304
8298
15512
5068
9447
8097
3778
10022
24977
18621
11362
24738
26181
28261
19034
23341
30095
20233
23334
30177
3695
22715
4961
22139
13564
24385
6027
28687
11852
30824
14089
25082
13208
29339
22637
17177
24732
6579
31480
11576
24893
15889
29021
7373
8814
12778
14792
30951
2644
12515
5919
22369
31656
26078
20360
20827
10334
787
13355
31722
30596
8290
22073
22799
620
21479
3373
21734
27917
14544
12882
8992
7591
22635
13701
4275
6054
10627
28476
7632
32201
6637
21447
29718
32643
22110
27606
3333
13730
17536
13884
7349
12846
25412
22258
5320
18324
1401
14175
21405
19203
6814
31702
21446
22039
31220
29281
28605
19381
25560
24253
3538
9270
11600
18341
18536
17607
18916
10580
26209
26127
10159
12613
14295
19987
4533
26429
11021
24919
3191
26507
11685
20294
24773
4750
11795
24020
18644
21881
20817
6242
29584
28755
12500
26082
21043
23874
13504
19003
25623
15624
24152
22255
29896
27854
5816
3835
94
10529
21958
16895
12810
25146
13670
8862
12526
9602
17645
7208
12082
16469
12505
11126
28500
6
4799
16150
13247
13092
32132
25257
19616
20476
6608
14728
14325
25695
26304
3246
2022
12966
29403
28626
857
8178
8520
16851
13505
22457
20286
3161
23350
18558
28091
1722
29131
24031
25465
16410
16668
7125
19230
13527
12070
32568
25010
21284
16732
18305
14679
13043
1271
3540
1076
1305
20877
19774
2995
32172
6629
16443
10220
15792
16138
14203
19297
32755
6558
19941
30443
3382
11633
7645
10740
15245
15186
23490
8935
32009
9509
31163
997
16787
22582
14516
12218
12315
12749
19107
29455
31475
4611
27152
19936
21365
4307
2772
28977
16620
2420
2081
17661
24242
28646
29634
2672
17813
9420
27300
28246
9343
15225
4758
8146
19543
26189
9549
16211
13090
32066
11435
14788
12910
21186
21569
25603
1264
19132
29714
27285
18284
26614
14489
27032
213
17317
3086
16632
30134
9019
9446
30950
19152
8320
23961
19078
15108
6116
14759
8424
25716
20755
15325
9786
28902
5579
29140
12604
7529
10986
22716
9972
25914
24524
32599
9378
21480
10195
2376
1526
17079
29255
30606
7041
1346
13409
23116
9578
18789
22946
20427
26210
11866
3689
29889
25305
22306
6341
10708
8306
31783
13192
21082
31157
16415
8093
28771
23045
19507
24475
16889
30161
30561
20889
17318
21262
32031
6981
15415
13796
1857
7216
13760
17831
3868
23148
2016
32266
23020
7513
22342
16527
5235
10940
11892
6722
20963
23057
5059
4519
29182
29219
16552
4337
12924
1241
24117
16500
28589
15699
27363
25949
22623
21557
11662
6305
6402
7747
22977
27187
16906
26927
18740
17530
28053
6830
28307
9218
26702
17873
25985
30578
24977
10899
17373
15294
26320
21423
4164
10397
11829
18100
471
318
29832
31322
27966
23862
29268
1815
749
32190
11333
17902
17061
795
8917
20872
18494
5725
9511
7557
21925
23372
19251
6164
15905
16032
23332
2497
5850
29808
7678
10127
20635
15085
26500
2887
7895
13648
21849
1551
20458
29457
2405
318
31394
30554
25466
24943
9470
21691
32312
8149
18485
12575
29486
3534
22010
17919
10817
30394
8959
12501
14418
5133
23224
10196
4379
1955
24673
26326
4186
20564
16706
26774
7730
27849
7218
16415
29390
8333
8794
9860
15687
3943
5435
4306
12744
8936
26099
25155
17136
28224
22971
3764
2679
1110
22453
16729
9493
29719
17381
23472
1439
24333
2940
24755
884
24116
18013
8274
10263
10506
4570
14112
29
13030
2238
13901
29514
12938
31889
2004
26615
18427
21527
25333
13750
13457
13082
25830
11065
22858
20329
8646
11120
28515
5921
16850
9714
12074
3115
32475
28318
22798
30982
5624
14466
21752
25287
376
14332
23518
23646
3866
12318
24469
7962
9857
28503
9446
3184
21474
32592
17381
31992
27392
3093
638
184
22106
18037
15697
29861
26274
17835
21184
4455
13938
11326
17477
22365
30267
5157
521
31713
13438
1583
5299
15309
30270
162
6526
14141
13237
20770
17551
14999
3398
17877
23941
6345
19635
31173
27217
31442
1680
16518
31816
18564
28663
29976
21366
3720
15486
12302
19510
1442
6246
10480
19200
7990
4885
18143
6785
15116
3526
9335
28657
27216
640
2810
2465
25565
14148
10410
7123
3515
12683
1654
32719
16357
32240
217
22835
9296
8233
18432
9611
22570
16187
11051
27169
12895
25070
13141
29719
21346
20351
20759
24242
25130
26774
8650
21497
6779
3191
4076
15231
4198
24188
21188
19325
19731
32707
4425
12323
10430
4388
11329
15664
1536
4454
29606
24001
21072
27570
19277
13926
28617
19015
714
11643
27694
368
25742
19894
10539
9907
16466
14076
23005
10316
29881
4473
31125
30938
15408
14063
8153
9047
16665
1614
21932
23373
15658
5510
20496
23879
10255
13721
13256
13190
14679
31988
18018
13046
16781
19455
12405
17505
7845
32755
13608
19937
20379
18412
755
20635
27478
20543
426
3754
32466
14349
16823
19802
5758
1304
28838
1943
30435
2518
30440
9381
18567
29124
8912
1809
15121
26621
1250
2023
25517
3083
24909
12837
23218
10493
23222
21104
23683
25273
14903
12038
29107
19860
30888
31732
25196
9248
27933
24457
30993
3909
17583
6922
22562
13460
10112
11175
26464
32471
12025
30638
7218
21741
4438
23551
8520
13013
9829
11712
8574
22792
10634
1105
14851
1548
23815
24450
22458
28230
29306
32260
992
26128
23719
30750
25584
29195
28280
29345
28867
12726
27458
32286
10492
22592
27722
30294
17059
10139
16264
30194
8208
8658
9131
12917
3083
25756
1373
21614
305
25393
8647
8178
154
29276
12888
329
15288
23250
1474
20968
5506
26050
10822
27039
16082
6061
3378
20500
29196
3448
13224
8816
4609
12224
28832
344
12307
12397
15408
6943
15769
1674
4108
9786
27781
23636
27977
24564
836
9104
28518
25443
10213
17442
4236
27802
26238
6364
789
23584
30411
11924
17484
3745
1305
31097
19571
23780
610
29863
11
22525
16314
24568
17999
5572
22761
4125
26882
8581
12890
1262
8554
25849
3636
14847
30365
7541
31942
25972
20731
12642
11304
6422
26364
31213
23327
31142
26412
21759
29506
113
883
4976
3675
31524
16794
6008
27408
15842
13579
14182
5315
15252
1496
14484
17078
30848
26879
30362
12915
2846
28141
2754
363
7974
17728
1980
18909
12014
25809
7571
1785
26355
11506
14816
1094
26549
29428
30782
23617
22985
5357
30461
19015
2089
31415
25627
21428
29902
10300
22127
3149
7041
17649
18216
31195
22254
15521
16246
23321
7162
23916
3719
21968
32598
5903
7093
20545
14676
16230
10494
31171
7162
47
6580
18093
12118
21008
4469
25462
26640
10460
32606
25371
11334
13586
27004
11457
6803
24230
3203
27804
18289
23812
9155
3087
25794
4179
27991
29973
1961
32758
16032
9439
158
8793
15602
20927
31170
20970
3724
10308
20335
4965
6094
25511
22292
4437
6310
17765
2112
28888
15948
12334
15356
25506
32047
27134
30302
6980
18223
18826
28251
430
29196
21213
18397
23283
25118
1859
13333
13389
19783
27750
27667
17505
10791
3767
14740
8388
8078
783
539
27837
2103
11158
2115
25933
24243
17381
22355
28268
9635
30823
3347
1430
8234
3333
30174
15750
28322
22274
12025
10050
25486
3619
17187
19543
9424
14612
30061
7782
27933
14599
11852
32735
429
14494
16109
18957
12343
523
28360
29779
26908
118
1912
16565
18915
28830
21194
4505
11237
1220
16148
19663
2889
32709
7624
28624
23091
2950
12360
14659
5177
20116
30460
3014
9751
1292
30371
28138
32163
8377
26598
19327
22019
13437
1331
23571
5149
12018
27336
21173
18255
10320
