4921
31123
4162
14960
20195
32645
28386
31595
27292
12438
28211
26673
32109
8452
1417
16012
8833
16794
23445
24384
31006
12244
26097
16204
24794
20804
9977
32365
17931
15924
32221
18148
4735
16269
15604
23161
5741
25592
31315
28864
32172
28738
20127
19099
9507
12037
30239
7936
25729
25477
2069
17660
8238
25560
14415
16120
14209
7754
22265
2876
9011
3583
693
23985
22547
25306
16622
9963
16892
24734
28776
3174
27396
14675
18972
13840
8951
26348
25668
5384
15108
18470
27570
1958
10677
1203
1893
32443
11045
31896
6750
2074
12653
18132
22448
25175
14687
834
23767
32206
22391
960
17994
3815
4366
4241
29268
5529
21969
19456
26143
32301
11634
31046
2322
16197
28061
10926
10844
6428
3118
6903
1233
23055
24993
13818
13558
19549
28617
5261
21847
12587
197
28582
13601
27851
12849
20164
23788
18493
16537
30090
21977
27638
10035
21677
26333
30689
26573
529
15452
23716
3844
31791
11770
23076
18615
15546
5806
18251
6331
24194
29464
1801
3024
23192
14868
20120
29908
8371
9103
8453
2615
3794
20889
9196
30639
3107
4028
12675
14381
19236
7308
19417
19471
30472
12672
21856
8087
20572
15616
12970
13724
31978
703
14704
27263
3806
5707
4312
25441
1831
25571
26359
32147
22304
15240
8085
21070
9584
4694
24625
8869
23087
28181
7493
16311
13898
12044
3276
17193
31272
11285
8704
11220
24461
21751
30312
12986
27327
20207
17426
27711
22248
16272
21790
2454
8636
14798
3196
20089
31323
341
27637
3869
6009
6175
15216
19045
14524
19013
13678
13398
22373
11285
23768
17611
18995
15974
24570
7785
24708
11560
11471
25046
14526
23615
6783
16678
21997
13970
19494
26518
14510
29534
12503
2429
32587
17873
17633
12415
20775
10964
30800
6148
6493
18728
24247
11752
21668
6068
3117
2933
30326
15901
17302
31374
10609
25496
23076
23340
28413
24572
29725
32015
25135
796
32478
16813
8685
26195
3104
6767
9811
31840
29306
14108
1366
21364
22311
30869
27303
15754
1290
31684
18138
21239
13551
20687
31176
834
11028
12945
31794
10293
19944
21066
19623
20276
6674
2965
9127
11470
6069
5275
13064
28306
13554
32391
29849
24356
10671
6714
19462
4240
18583
5439
32763
221
24930
25345
20108
27878
6231
17979
8405
17765
22287
3761
8669
31313
14971
24350
15553
4202
8745
3949
17934
13586
17602
32555
21614
17502
28120
27709
3207
30061
18654
8654
25632
8440
23928
5004
8325
22059
8438
14612
5165
12723
16666
15786
24475
11033
3106
22574
14722
19534
6658
24395
556
1927
6898
28146
9756
8010
28456
11271
5107
21705
27623
3930
18832
20592
29112
10456
15483
30906
14328
20995
8580
11080
29074
20127
22439
3124
12046
13998
31283
24483
8651
15519
24108
8601
9352
9155
32493
20498
11561
31488
7697
6990
3000
28617
6804
28780
6827
19789
17206
4666
17509
31727
10272
13388
511
5367
12234
19531
14151
24199
29468
3472
4105
17360
9428
17137
17038
7557
2087
31451
23395
24208
15019
14754
30299
30981
21876
9748
2263
3924
10621
25684
8517
17858
6986
4838
16359
18458
25036
7686
11478
22431
11397
23870
28486
30022
29933
12087
18955
31778
32531
2000
24925
16416
19847
9325
28120
1268
3192
23185
8390
24915
14362
13488
7585
25187
586
20798
11476
880
15221
14348
3010
19936
17078
6612
32265
13673
16702
11795
1032
1153
13561
8982
23199
27926
3695
21592
10293
4480
26088
15115
31488
6580
3027
19701
31872
10426
30824
15741
32333
18017
24205
21766
17427
4401
26102
21115
11995
19617
20625
2859
11660
8074
3873
15576
5809
5852
2344
17930
20348
16528
7179
14505
25611
29405
5489
31435
29931
5039
11500
27083
7643
29781
16603
13211
14802
5497
23183
23131
10307
26454
15788
5674
30623
23077
1746
2364
6428
21208
7549
31276
437
22539
32042
2196
23665
2872
6588
4060
12777
16938
25373
11343
10500
21684
11304
5748
17670
29346
30919
18587
17609
5616
30552
8886
1865
25914
10582
106
6503
6772
32565
30054
20710
16859
27533
9204
6330
25899
12667
25037
21122
30483
29253
7986
29011
4838
15932
17464
12727
25747
11495
30820
4853
19671
16477
2167
30099
5553
6131
24203
794
19223
13847
16479
17177
3047
23932
18416
364
26400
18808
19017
27070
6482
17834
8347
31821
15955
26847
1936
16365
19252
30518
2269
21840
25715
12163
8983
20356
25714
2034
9159
30141
9768
7661
26560
21077
26647
23871
30128
13073
23422
8825
9974
32422
13263
23700
21171
892
19043
29145
12068
9137
10861
27646
23855
609
6445
12178
21051
5669
28262
17051
5189
17625
20753
26237
31792
27811
11347
2333
29277
32304
28845
20807
22908
3137
30067
19021
7074
29799
3711
29425
3483
1290
10790
13189
7297
17584
2923
32593
31117
15996
29811
9525
14382
30709
21817
5008
4696
29706
21123
4960
18207
26450
14613
16042
18308
408
12580
13852
9615
28822
17933
23025
31134
1
5703
2581
12796
31430
16278
12681
181
12692
23426
8458
23465
19098
8200
31981
17120
16018
30863
16974
16669
9982
11038
10089
23222
16817
24011
23368
24226
19858
4215
26783
19924
9373
24248
16372
19655
14122
7703
11522
21339
19570
11388
15200
3807
11343
742
20062
10863
5699
24671
28720
29056
10684
8496
7246
185
9110
5713
2330
30981
5346
28963
13507
26854
30438
5985
14698
24588
16484
29524
11396
24870
24608
5191
3456
9720
16540
13115
1961
27053
14630
28636
2893
11631
4116
22963
543
11062
29263
6556
8922
27357
1038
20347
10279
11643
28388
30763
28353
8944
4349
28599
16087
7614
12709
25549
17586
14619
24329
19055
31895
9540
22850
12524
5615
3603
11919
30479
4517
20436
27874
19094
8144
28245
3231
30437
146
572
30880
23804
27711
4253
22396
10151
18114
204
31241
4084
8765
9328
4895
17898
21744
1497
7327
20856
9820
28820
3508
32684
22440
26684
18009
12326
2883
402
21532
5835
20427
20944
29729
17854
21038
26683
30313
5004
31503
1528
26196
12710
31595
2080
7269
1813
3196
14359
7494
9065
26333
30233
27148
24050
13552
29205
9659
30003
1149
26303
13325
17044
31643
2785
13679
22103
21716
11505
1101
4045
26244
11497
6031
1482
14722
18515
28260
21334
29442
27811
26942
7333
5562
970
13342
24650
24132
28424
9745
26791
16068
9218
14842
29096
15818
8212
1171
22193
15482
9704
19375
23764
26602
31048
8898
27976
22987
3376
12450
21526
11340
22568
655
22294
1339
17104
4210
14618
23661
25789
22114
32105
353
899
10092
32623
9248
2067
7572
12978
25959
24136
19223
7944
12808
29372
4339
27912
28046
17120
16041
5822
12320
13132
24386
4259
7080
8275
22416
32459
3124
23771
14774
19041
10140
4971
29163
11089
4197
15750
12410
31300
16357
9528
13581
24273
19368
9454
24364
11761
6675
6539
10241
3252
19015
15031
26974
11059
21320
19834
5633
11206
7775
25867
18198
2679
8380
9698
17149
6326
14432
16148
24910
24910
20538
3552
28698
2199
3984
8069
32372
31981
6305
1367
12336
2914
6793
12050
32491
11440
14948
16238
3148
7794
6070
3828
27016
7315
28683
20751
30764
20230
9690
3942
18455
16311
11951
28521
5829
27842
11401
30250
21460
19172
13953
15983
20160
19502
5293
21765
29170
16129
29508
12119
12025
6454
20739
28735
23
925
11471
28443
8959
14761
13979
13604
28893
4457
1932
25851
30615
16314
9563
16517
14418
11452
21756
16633
12089
27778
125
30007
2169
12302
13360
6748
9872
17020
30476
8851
24008
26237
593
7726
2302
10247
7275
15093
23464
30283
6937
19901
5399
6632
20686
6717
30969
23390
26968
19742
12577
28101
31167
23633
31883
29119
18288
16805
20378
9387
2714
17305
18853
4123
12249
16494
9138
19848
23826
12161
31873
12869
15774
19672
9677
30642
22954
8955
22222
13234
31965
26373
26626
13663
28732
23290
31789
6652
2891
10843
15007
11818
24693
29944
32437
28511
2222
31750
8354
16789
21079
9585
15215
11583
22370
18804
5185
14721
16054
32358
1755
13984
11477
22231
7011
3256
10172
17883
10601
25261
29195
7590
11301
12643
8549
23641
11264
5938
29722
15132
24919
32660
10755
13165
29819
29473
25774
28343
32508
9150
21179
21543
12839
2321
10886
10427
18125
8504
14343
30108
6726
10682
502
10413
7350
25789
18994
9060
29839
15994
28003
11225
31575
26351
26078
29724
30636
13267
30154
11212
14469
24271
15489
20453
30138
29675
15161
11482
6599
1095
3300
18148
22733
28939
21845
7321
14553
25248
11171
30656
28521
16417
978
16484
14380
15116
23472
1575
2314
17214
12030
13273
18276
30494
30416
8521
25245
25624
14391
30555
30681
11085
26140
6747
25348
24200
6767
3729
24855
10612
27266
2838
10134
6925
23215
12006
5469
9045
13633
3125
24733
6472
18578
32263
26146
23825
20592
31739
32215
27262
3781
24679
30859
28594
22391
21674
10997
15386
5006
22462
10742
7074
32661
4877
7199
29224
10562
29062
17523
11056
28761
11503
10862
20954
3789
17789
838
25874
27688
6050
16496
15367
16430
1062
26470
3806
18621
24185
5800
30631
5880
5448
23552
32656
14245
18766
16395
3160
15058
18029
10997
16903
24255
4861
1668
11485
25080
2404
16728
18312
16578
12262
6001
12698
25016
17087
17393
10809
30134
9327
35
8984
3830
10326
29629
32679
13177
27520
31330
21639
28329
12226
25195
15169
9788
27910
2279
3639
13915
3299
30432
8411
6404
1137
25569
18462
7341
16475
16820
18220
28202
5941
13680
29782
31184
13840
8628
10831
26587
15180
9773
22940
14349
29614
14430
20038
16536
28082
14752
32210
5182
22307
11879
29042
5047
22760
31432
8317
11859
25889
18488
20253
5600
11123
30871
17736
27086
10143
19053
29169
7569
32346
4723
20095
7751
7257
11861
5758
31643
19371
5302
10132
6121
13131
9844
7607
9123
29942
9518
32670
26611
23866
29444
3957
9377
22992
32670
5077
1336
10795
1648
11507
29028
32337
572
2584
15519
30698
31192
4945
30988
16790
2609
23399
29091
12420
20880
28177
3983
9281
8220
20073
11988
6349
4513
14749
9781
7924
29839
487
1621
11995
8774
5567
21532
2266
11408
1871
16988
6281
1135
10279
11957
3614
32282
3378
26038
8694
22082
3816
29252
13937
7321
6598
31808
19459
10133
25339
31332
31624
30065
21861
15214
27352
7798
19131
2689
28572
15480
25868
29384
21600
27555
7272
26204
29673
18552
21725
19560
7880
3858
4261
14987
32559
16302
4765
23933
28420
27754
1273
21750
29748
5197
30774
1739
22346
12168
20049
11610
2112
20731
26167
9513
17812
251
7036
15818
14751
13651
28239
4610
547
2696
26542
11050
22051
8802
3542
29652
15863
19367
31998
15794
4511
22314
30788
24244
12632
15876
1768
10609
11373
32034
29112
17608
19024
18944
13515
9927
10729
1203
14706
14027
27438
2861
27756
23273
5876
20925
1113
29837
14596
25813
3185
4193
24690
14352
1910
19825
31274
26227
16103
16268
14796
18420
4727
20717
1210
56
23486
26395
4975
27297
14893
20237
15634
1928
23367
13458
8522
20167
4878
10480
9301
2939
22716
31947
29012
9480
31668
29001
30441
31069
9400
1140
4612
11385
30556
23776
23290
4397
26555
6285
18648
3876
6248
782
7926
10786
21672
30443
22735
3721
31454
28229
2063
18209
27462
1720
22766
24
20198
31878
12477
31560
19138
24817
6846
6585
29520
4072
30521
7783
5163
10470
8396
3653
8203
3864
31747
20865
23797
13502
9513
31242
8367
13779
12381
21328
12663
1520
12264
8011
7924
13678
29901
9406
10093
4555
15778
29373
32057
9550
18335
32109
119
23022
30197
30731
16639
17265
864
4143
23704
21713
29184
28242
3435
1251
11621
8078
31927
9786
4841
19622
11719
30282
21570
25158
5409
10185
26711
3724
12289
27739
32339
14278
12293
16749
9976
20606
3882
1121
10295
11444
8183
4588
12029
15466
28152
29885
21327
20326
622
26464
8857
17971
24901
11617
9283
21609
21062
1972
3206
14382
19086
18516
4478
2813
2623
18731
5760
4006
17013
18994
8621
8598
22396
31449
20423
10585
4928
12969
14916
14941
23556
7464
929
15865
17239
23805
32249
20397
324
27220
8150
11948
12234
12420
15175
26775
23180
12015
11059
8588
14024
8490
27372
7519
6029
29279
19463
28199
29225
32751
15980
27645
1761
28507
24233
23040
486
7012
16012
23709
10372
23665
7152
9485
26267
12338
31191
30238
20563
1155
20409
26167
27660
10643
17180
662
22676
12101
8037
14301
9117
12758
32750
9165
25710
22977
24664
13393
28376
4831
1827
14270
12908
16083
32379
16985
6635
26277
3925
3354
32510
12205
29371
12719
1575
6067
11620
26564
30456
15444
18824
10114
25731
12711
25330
21845
14865
11297
14679
23283
23
438
15590
20890
28005
17985
18720
8600
6305
1830
490
15121
24052
27190
1761
19453
19715
13267
28909
6000
13089
30804
19993
21022
5570
31915
4002
10270
12595
2628
7757
20462
20361
14897
2302
20152
3032
31621
391
20947
21925
22781
7102
16781
18589
16870
722
28968
11399
23098
6367
4130
12663
5645
13503
16570
15428
9255
29220
30639
22333
27635
18403
2379
6936
8856
22675
1952
9259
15205
12631
22034
26591
14194
27384
5653
32353
6276
24887
20792
13466
31538
29793
1123
31330
7238
2339
28764
240
19814
15008
21392
7573
7412
29377
28945
17579
13618
23756
2267
12488
13994
26169
9563
2615
4557
16833
25138
8872
9178
8375
4150
6438
6913
5787
23225
31306
26057
23277
21007
12462
12719
23871
32586
22949
15631
24462
25928
21033
72
2770
4848
4117
29212
12756
10936
7061
27477
13888
874
15578
28078
17403
17961
12818
20976
22198
11695
407
8540
15812
19160
15462
7753
4648
29284
17620
16398
21235
14328
28028
9762
7117
6759
1148
18050
10705
17712
7905
23379
8862
2888
14431
21449
20906
32537
31558
19527
20442
19402
17585
20936
18768
13249
14592
29821
21893
22630
31881
28087
5527
12074
25739
23816
3300
18377
13411
24741
26583
18379
15107
3343
9474
16209
25759
2035
21613
15118
5289
19022
24878
14228
23552
19924
6458
22993
24421
10643
26491
4313
558
25044
29731
1254
10558
28482
7999
30620
10804
16718
2447
31122
15075
16337
8085
6415
29955
4083
23276
28177
16933
8269
11739
10132
17389
16458
19754
32272
3195
18131
19508
12100
15146
3115
16190
26418
20861
15127
22535
14955
21590
15683
12448
5516
3433
18145
14462
17929
241
17811
30670
41
27553
13963
7432
1618
23774
10224
2247
21895
16683
27012
19416
31535
28901
12421
19345
30744
5936
13009
100
21691
1329
32077
692
19138
17790
2438
23014
10183
978
22169
16828
19807
7430
2385
23006
29271
27452
22416
29626
2365
8798
17136
29326
28706
20679
26281
29123
19871
22591
23734
9597
16150
29485
32307
10608
15418
6664
778
12789
21458
23823
17614
21341
9658
1594
10471
21381
15914
6000
30192
14762
13882
30970
6237
4223
15782
27704
6753
3709
29135
5778
21263
6267
9731
14514
4287
21118
254
26096
17075
13010
5041
20494
26106
19290
19778
31526
14741
15652
28755
28128
32217
2624
28039
12776
17172
14803
18242
14496
2931
615
25265
30738
17443
28293
27147
21544
22967
12166
9238
10271
27594
4774
25836
1081
25573
19546
31743
29618
29603
3556
17243
24310
15890
6436
13355
24081
12381
18097
9343
3943
19880
12840
4684
18085
29244
196
8116
10231
20964
30255
9352
892
13718
19352
30988
1271
15446
32006
24058
3015
9048
236
9673
16153
22885
7677
814
12892
24959
21313
8420
11765
18632
1641
26281
28724
13216
27744
3977
31367
17934
24610
30046
16110
27489
7121
13720
16815
16663
2054
4922
843
10493
5477
14885
18096
18072
21620
18329
1968
27588
16301
15353
13746
14491
27601
14798
1704
29336
4736
13839
30273
22268
11015
32160
17759
27761
1401
13336
3531
6126
7169
12231
15912
30938
3702
22264
4645
20596
31792
25203
23287
30834
12314
10566
11271
11496
21257
22981
16359
11628
6220
17360
10635
31096
6277
6228
9654
11280
20151
16916
8370
15012
27551
15274
17476
6967
29512
1736
8671
5569
22746
10436
19736
17618
3250
20564
31322
2425
12472
2198
30171
30308
26349
7507
1742
30280
28228
5252
4827
12676
435
24853
5580
30465
11657
13034
16777
11356
3842
2080
23110
2375
12825
25493
8955
8748
413
19626
28180
1556
32135
31815
9834
29640
11147
23328
25715
27189
30189
13623
25525
6165
27798
18082
27777
28364
7271
1423
1501
23696
28877
19845
962
29133
21398
20461
17800
30152
32515
28112
14494
11906
13854
24290
29566
24543
22349
18880
31968
17927
32040
12662
4910
3853
8584
23620
2105
6095
30432
6050
1322
28701
27601
32129
19131
27165
3320
7892
16807
14573
14603
14159
28510
25227
23332
20078
8958
2290
8028
27066
28287
20102
21916
13384
16429
22962
30384
16258
12380
15312
32669
16681
22359
16201
5941
29339
16281
24829
12776
30034
18496
30949
10205
24750
3006
22006
28994
23796
7890
20809
31968
28566
15287
7290
21746
23733
11675
20302
1591
16868
4178
30872
32070
20015
14412
13917
20002
15196
22212
6454
6670
27760
11835
22262
1954
21877
27429
4237
287
4219
29922
12076
11520
17373
19183
7338
21713
15813
16990
23335
11844
26866
14211
16367
14978
32441
2033
21920
12223
6730
26789
10640
8465
4405
27776
2153
22658
13613
20219
28182
5988
25355
22294
11491
12516
790
26257
4063
13026
24193
2399
31877
4352
28213
6488
22428
1529
1745
18990
12636
7989
1519
12706
31954
9882
25770
8183
22150
24228
21341
23719
7770
17592
17068
6998
26805
19893
32201
15620
2785
20685
14832
12678
18098
5267
16180
3383
22889
12884
3710
9963
29143
17323
10451
21028
20934
3664
23509
2441
7828
8753
14221
7571
9505
7620
4455
15242
5356
3227
14462
24752
30328
5177
16154
3516
24821
25380
32119
20105
13084
5691
12745
27152
21339
2122
24956
20116
15154
16348
24512
3612
20957
28496
7493
32550
23091
15151
9539
21914
30670
15037
27582
18429
3948
26318
20744
5351
1685
27355
32391
31927
9854
3157
184
901
9774
7225
17012
3928
8159
9957
19827
13977
30119
22058
29710
21192
26967
14754
18505
11118
27556
26948
1040
19795
26244
13877
18113
25072
1755
24033
19435
6951
18775
29515
32598
1842
20120
29345
4675
24794
14997
13076
30196
12265
9019
10983
24431
19937
21079
14789
14464
8942
24245
27991
8701
12058
24713
29718
27469
13248
17679
12894
9003
4419
1391
11716
9640
11519
17635
17066
19311
29568
6683
22545
7757
19186
2017
1454
14065
2521
26873
24639
10224
17923
21323
24607
6668
4026
13892
5656
32181
27966
14457
8825
30160
10866
6285
8809
24504
20693
5461
1915
7298
23476
8507
3459
32646
31902
25824
17063
1562
1049
21766
21945
15521
17043
24492
7876
29893
30107
29818
5604
12544
5457
27744
11355
26977
5659
5243
15330
3469
29338
24632
61
26628
4573
1723
20242
18085
24020
3970
507
3189
7687
4677
18138
4252
27271
11809
19053
28336
19237
31734
28962
11318
22243
14
4652
22374
26536
24319
26838
815
13880
22994
12311
17531
29282
21860
7271
5300
11132
28941
10194
15751
7436
28800
25675
12776
13256
31986
18498
30806
24257
383
10617
2656
219
9929
23059
19816
5760
12770
7150
2215
25493
19052
24114
31857
15789
27646
31018
32442
18045
1738
23635
16602
10897
4989
25267
8845
14397
7783
16748
13886
25301
3548
17553
23173
1568
10202
20024
3310
32267
6891
19409
23036
26267
3661
5558
3693
6181
32081
27907
3520
13249
25089
2983
29173
21500
29445
31419
22676
13773
30920
8979
240
28107
32214
19475
8109
32156
24201
31940
2944
23985
31716
29479
10038
20272
5567
9674
11512
2610
4132
920
16077
7215
10234
26101
24672
2742
23264
26891
15876
3682
1628
7774
25845
31241
565
19879
20704
8758
14877
14303
29350
22746
2707
4250
5214
20798
25864
8598
16025
60
32577
19604
745
19631
4604
24422
20388
9256
27350
28234
12517
18403
21868
10358
8916
26105
8129
23284
22823
21206
15840
5552
8169
30446
20674
9936
14714
17580
5233
24643
24024
19115
31086
23453
16156
13865
27984
12322
14152
22969
5807
20256
831
3127
2112
31363
12053
29697
12097
2467
6025
4708
280
28768
9424
9045
11319
15473
8853
9570
20546
31993
22845
7656
372
18523
19567
28037
6975
21584
17108
18640
9778
21559
31515
10568
21792
4524
12865
19083
23935
29531
24335
1993
12046
26134
18148
11639
20155
23590
20404
4936
22723
22239
13137
4697
28187
11896
30697
11179
4367
3097
20944
29399
13609
18996
21120
4349
1620
12057
2271
29694
11073
13765
30400
32235
1802
22779
32683
18621
15893
5271
13537
21062
572
4382
8859
9319
27178
11673
659
19844
22536
23460
30661
15669
13146
450
14199
22846
31267
22515
17271
24258
27984
29321
6564
25523
23635
28471
31919
3213
21519
30827
14883
19012
13556
4829
4515
13434
29803
26984
8563
21494
3444
2842
31803
29010
25741
20359
19463
15347
8919
21858
9873
23871
19572
20302
30403
19465
5683
4849
8056
29776
15983
7754
15235
1834
27956
1861
7922
1787
24484
2445
32148
25578
25241
9890
23224
15510
24716
3115
9784
5892
1718
13453
10934
9693
17780
30140
12582
28118
12272
29266
32140
24431
32510
8414
2311
14560
15172
23934
7439
17488
21150
14768
13307
17993
7361
32357
17094
12393
4894
5207
20498
27738
16393
18077
31853
21252
10522
4988
24532
9216
14547
32641
24693
4432
27524
7884
26297
13134
17260
18607
4738
30947
18465
10616
21938
26617
5426
9866
6124
16947
15370
18611
18334
25051
32023
8377
31807
25372
7212
23094
3541
28017
21540
28838
17851
12637
11721
15039
3233
28253
15860
16385
14804
5403
3829
3213
26560
23012
14644
30522
29107
19292
28441
3558
32483
16752
42
7178
16051
14477
6003
32657
14898
27919
14635
16363
24292
19197
17300
7005
9926
1523
30499
32411
396
27999
18913
6808
25389
20720
2577
3229
7073
2380
5139
19609
23529
30978
8072
21944
3153
6591
26551
15670
22514
27076
13104
11126
4474
19863
32430
27470
21808
14841
20290
933
3122
14873
28590
3905
13569
9735
7439
18138
5440
7531
26304
29043
14521
6775
17786
12010
24993
12570
11712
20685
19997
20087
8570
13679
30469
3221
1248
22843
11239
28248
15001
4681
12367
6064
19236
10799
15941
22032
7032
18970
4632
3362
30439
27933
25434
23481
28744
19656
28460
3335
24149
31741
30652
10768
30546
9215
23819
16222
20464
6092
13044
10998
16752
12717
30826
1676
31499
12043
21505
499
17042
32388
31151
16855
10322
13374
7636
5806
12858
6267
6521
8172
16960
1134
9173
12150
15360
334
17686
346
11686
23976
26206
7101
15
11513
8971
27413
29227
25980
16187
28312
25510
4161
26511
2291
12999
16255
7728
18752
12696
16171
30992
16434
30279
13257
5491
13715
2764
7043
25773
20977
16332
25976
13869
4244
9917
4950
8890
3507
30540
6443
15613
1255
25595
28536
11072
5087
8719
2952
3701
5462
10409
12799
23162
10306
27443
22454
923
14158
4861
1222
9561
5259
31784
28131
1641
32098
31172
14316
7680
6862
9525
6591
32334
20936
15579
20562
18504
30722
22002
6400
3243
16599
26038
9760
15934
30338
26059
16860
6487
21391
6109
4929
9376
4240
11396
14738
12059
31249
20842
12770
28516
8910
27311
15073
10295
1571
31628
10999
30257
11971
567
27791
10971
13741
19207
5302
22756
11612
32473
18404
30126
19774
28850
24857
13325
29032
28326
3884
31819
17032
6648
23648
9583
6683
2690
21561
21438
30432
16727
15246
8323
5516
11944
3806
28428
447
20196
15080
4853
13111
8995
17269
11177
2884
2245
19577
22821
18043
13398
14682
11775
13999
21429
22160
679
22813
7030
16750
3566
7399
17284
575
26308
28100
14091
3221
21318
22261
31637
6622
2296
21115
4979
4664
16974
6279
24414
30599
19826
818
17246
1732
30785
23150
4843
920
32150
7228
2130
25129
22476
5408
19291
17204
7294
23762
19241
30300
17809
2871
28513
30401
2933
14735
25743
5589
13479
9200
1989
18539
32379
32499
13701
18961
792
21933
32736
2720
16580
993
4064
6673
9826
8307
13860
1682
18744
27680
28362
24793
10230
6253
23698
23225
7924
31453
32575
13299
29116
103
10561
26958
3528
29991
30866
23018
27277
29780
22238
22225
10936
5234
17638
20687
25271
9161
29990
6276
10363
2325
31157
25783
20604
7295
2414
4845
31742
3276
8269
22074
23699
9429
32539
18520
20706
1335
20046
4342
16038
9803
26667
5970
19962
13913
3629
29194
27091
10248
3498
2352
10702
1305
6068
7836
2348
22869
20542
12422
3866
18884
22655
27220
19510
11296
22684
6064
20816
12937
19585
19934
877
32634
6159
16204
28946
13820
9853
28011
3263
23066
6392
11454
28857
5524
18573
12081
4108
13528
8009
2219
30929
28717
3231
25062
2989
21810
6409
19839
19610
25735
23794
29513
12522
14282
24276
1511
3721
17349
7326
13978
4226
2789
17496
6999
21700
21486
24585
15133
5927
14574
30937
13445
3498
8816
30067
12955
23038
753
14253
9196
13385
26264
15723
26592
13092
11041
18624
26186
21733
29723
21335
17726
11812
12115
20754
12579
24952
15760
1520
27400
17538
4992
29492
4412
22061
26355
8132
22040
27187
15431
16335
6432
11748
26659
32690
5707
27171
22889
30237
8094
9905
16229
369
5375
4782
24651
5229
3657
22108
13280
13834
27548
12839
5751
14499
16375
3810
10271
27737
18952
25428
11291
20662
28482
4851
31890
2449
27953
10735
26248
6961
13578
6770
525
12725
9607
24359
23220
30642
5873
9977
31815
16415
28030
28189
14265
1902
9694
10322
13404
4092
4113
24679
8532
7595
11387
28926
6988
5325
24378
14993
6760
69
28087
31410
31866
17128
31355
10391
32632
30762
29509
31445
16430
18422
9561
31340
4400
12765
27674
18180
15891
4979
11739
28790
3804
28150
6899
2446
8121
12081
25359
22544
24815
416
21709
17912
21268
26581
7046
30726
21374
10010
3946
11642
3323
17752
19411
19741
24770
7736
32723
17280
23466
21383
11535
5768
2970
7391
18641
21034
18753
14980
29528
12916
18951
3980
14707
11981
3651
10051
5198
19069
32686
10701
7051
20080
21528
1037
7572
20534
2137
18118
4656
10831
1931
256
6997
18854
21110
6574
2110
29787
15180
27789
3772
28101
2455
11855
11985
7096
6767
23545
29819
4355
20720
14730
3022
8509
27371
9181
23365
25026
3548
14800
6234
15352
8220
8358
2644
29911
16984
26538
28513
19880
32066
20245
14308
8716
30598
30258
3088
10049
18432
13504
20406
12449
14380
9112
6235
7531
2782
6288
18830
21446
6963
6558
19321
27907
26567
2881
4021
30499
24104
7708
22627
28569
31371
16356
30072
23377
4030
4989
27736
8176
19294
13408
15783
606
19018
18752
15707
28290
20823
10733
12566
27724
32326
7288
10420
26105
1267
28056
17695
9106
19662
26700
24939
8118
655
28866
21023
6554
29222
18040
11984
2126
15601
12705
23029
21314
16434
8138
15094
29704
16320
29629
24198
25947
10493
3238
28979
865
519
18548
18491
16685
22835
1410
27810
22408
18615
26487
23681
20721
25254
25451
30369
5858
6434
22347
17480
25685
30413
12414
5459
16775
15232
26056
8837
27900
12608
18543
10783
21955
19821
28829
15025
2811
29245
18694
8239
17558
25705
32202
10055
26973
18726
21149
10994
13876
16471
9253
8266
27296
28417
6307
5275
7814
3583
17366
20924
9526
20727
16925
7328
8615
14732
3803
16936
12292
10965
6687
26171
18536
20750
24965
18713
16103
12686
4183
30444
1229
30457
27384
5537
3882
19895
2435
17653
1678
25765
9647
17619
9233
26122
32758
21981
24470
31948
8182
2121
21329
14820
29719
27886
30855
28175
5230
23710
8597
19398
11489
18871
21812
25969
21132
20469
28411
23512
18532
30346
10534
20698
30490
22641
29589
29281
7235
9983
15384
12693
29877
15035
3049
31312
26164
9839
7802
32466
27726
127
21873
27575
19587
22138
11761
6182
21929
32495
6940
1610
11919
15746
27094
18438
30689
27966
4555
7140
17739
9517
6067
22095
12769
2854
25813
27395
5055
18663
14281
10945
4844
22372
4739
2375
10117
5214
18829
32639
17175
22070
6292
24055
10572
29188
24614
9105
15306
26596
28858
11388
15704
10640
1777
19810
20546
12084
23835
12003
13311
20093
30205
32067
1554
2035
1234
16479
2606
16010
5775
28646
15773
3443
24683
6085
14819
12344
22431
8419
10910
12552
30314
4623
23216
20816
21081
23863
7328
24715
26565
3290
4670
30042
16029
26047
6022
15575
19558
20712
21703
21542
14207
8642
15365
24654
24490
3230
30107
22599
20424
24932
36
13653
31972
24198
1948
32148
30323
12340
14275
23763
27610
28623
3522
16293
11057
14239
27921
9398
32071
7880
31640
6236
742
12666
2325
3694
30552
14697
1469
3673
31785
27261
19494
25968
21039
18378
16996
21380
9160
21698
5747
26037
17507
26281
6613
29575
2370
10826
123
29241
8062
12777
1769
4690
843
8056
17302
23420
31869
16142
10129
14997
17483
9620
29290
13828
14419
10178
7504
15433
16095
15690
375
16600
16487
9298
15805
6952
23127
22824
8076
23559
12049
13873
4866
3376
30518
20515
24143
3871
14370
25204
11359
2340
17333
24595
10938
8119
25945
31829
16040
25867
24640
16434
5528
14310
8942
32689
5314
1199
21496
17313
27660
7369
7179
31626
20522
6175
20783
3043
8202
29952
26445
3205
31087
27182
18927
19296
220
7985
840
26477
24755
16113
21620
6115
17310
6276
8961
29614
20014
16965
24493
19741
23490
29478
19057
30171
683
1607
14271
32544
9101
23751
15113
18984
2056
4570
23170
31973
21656
13595
12328
12017
20922
32548
7170
25286
20561
13404
27558
7985
11591
10769
6911
15620
14455
8647
4685
15628
715
28367
1389
14914
22433
6683
22619
19525
25972
30800
11509
28168
22968
26141
32258
15560
29701
7884
27506
9026
21624
24854
7143
17698
2391
22076
22389
16062
8179
28499
16294
3332
15571
11487
18626
12721
32526
1188
22605
26565
13049
22969
11472
31795
6146
15070
29405
7900
15836
23311
11085
16318
15581
30810
18124
19561
19876
9453
6808
25011
1022
9843
4741
17837
12555
24481
17477
15830
12444
30731
18406
5518
9696
13885
31132
26829
27456
16391
2241
1812
14727
13592
30746
676
19014
22478
29532
16367
31095
14413
7662
6476
10848
5583
16113
27374
29626
27195
28286
6935
22291
21496
10286
29321
1905
20995
26336
22846
824
1599
11702
19288
1357
29197
8801
6747
4476
24861
7327
20122
8215
30340
20225
15599
11488
4110
27890
9391
11561
29653
29173
27101
12602
31762
28206
16286
13555
13620
31780
22253
25523
8751
17349
26000
21368
6935
11947
6475
31559
31213
12701
19283
26830
2489
20313
2053
31048
27608
14480
16088
6561
26520
11571
11921
20954
22530
749
25014
8112
11255
29937
20292
25720
11391
8437
29604
27214
32093
21886
30172
17518
3047
5471
11523
3810
24596
29820
6647
20830
983
12756
10578
2408
29867
12991
20889
8123
