7559
3862
753
415
9894
7917
7906
9447
7148
1501
7006
1876
3685
1807
3958
1485
4470
6170
1620
2829
1220
6455
3919
648
1765
2667
2587
6817
5062
5504
8051
8747
1725
565
6538
7791
2336
8824
3855
8525
5894
6704
9616
5766
7102
1007
6209
1705
9934
760
6893
1276
4046
5261
542
8141
5749
8076
3128
9226
7970
3483
5003
2685
478
209
2521
2604
1216
1110
7365
5296
210
8094
8287
8996
4116
9233
1548
1632
7166
2479
7833
6950
2298
9954
2706
1356
978
2516
7134
3451
2566
8834
3022
8615
1922
9921
3031
8479
7775
8448
1149
3000
8695
7453
258
5141
5981
6877
6190
362
2604
6806
4703
721
6288
1599
1939
9819
9700
5274
6933
3931
1099
9567
2453
2767
6993
3533
2572
2464
4163
4829
8943
7453
2780
6039
8482
1202
7635
5097
7376
8494
1682
6997
712
278
1081
954
5259
1795
9763
646
5028
1923
3959
6154
7432
5646
2227
6493
1983
6727
7285
5014
3810
9366
6731
6724
7782
5459
3228
6448
7833
902
6503
2389
8171
1196
5419
8478
5167
1516
1847
1776
8564
6571
1828
3225
4814
956
4224
2026
584
7484
7725
2385
1534
2028
7643
154
4855
5152
1666
4871
9617
8424
6466
5629
6801
6941
4495
6016
6266
3022
5000
2353
9324
2139
3528
5110
3551
9441
7952
9435
1264
9910
820
24
1693
1927
8211
291
6573
4337
2763
2311
274
637
6573
7141
3730
3327
2718
7882
8642
784
2799
3840
6501
2474
2637
297
5316
2276
5676
3032
2623
463
5584
3475
7652
4287
3965
1638
9983
2189
5553
2105
8370
1389
9119
661
724
5755
6478
5315
7871
3548
9954
6549
6694
2082
6410
9736
2805
7678
8026
8746
2364
9021
7483
6904
8270
8604
3264
2012
5701
3006
1051
4517
3497
7728
304
8774
9730
3049
8617
947
1626
6024
1242
5801
1144
7817
6855
5773
5273
2600
5700
7512
5600
585
6731
6945
3424
342
68
2540
5593
6202
6720
6737
9040
3741
856
9071
1794
3617
1189
9875
299
4429
4272
5763
8498
1656
9659
447
7465
9959
7760
6347
387
6970
4458
4390
2325
6468
2865
7662
2320
6314
9242
2887
3870
6717
9871
9689
5373
987
9932
4122
8073
9251
2251
1147
9277
695
9728
2727
684
4182
568
41
1116
650
9310
9725
6899
2687
9583
6826
9797
2997
1744
2318
6189
8217
6509
7611
1866
6574
2564
2640
157
1409
1218
1674
1409
4381
1181
8508
8955
1196
6082
2236
9587
1983
849
368
98
3439
4374
1097
2734
1029
9338
7471
9682
8535
5530
7597
9010
8611
1559
8541
2782
6097
47
1447
229
2820
4586
614
2861
5664
4632
4347
545
5378
618
662
1435
4668
8063
9314
1555
4768
816
8785
3527
1167
7295
487
4716
8755
4764
7402
437
2777
7673
6810
1250
162
5263
1565
6779
987
1073
8335
7838
1435
6609
9112
3142
3822
8768
862
1325
9231
9722
8092
1764
2187
9458
2130
7073
8243
315
3423
1401
6882
4167
188
6319
9520
6676
810
7805
9301
1397
2239
5489
7570
6030
6685
9546
4316
7442
1203
1748
1786
513
2456
5617
5329
8044
9989
3273
6206
7260
1570
4979
7044
6899
84
7461
2518
9810
9188
2362
7014
8892
4643
6627
9087
5305
8509
7696
1071
638
811
7167
7689
2395
2030
5637
1370
1910
6536
683
4123
6631
7133
1499
4470
8836
7242
6876
9740
9327
4
9595
3734
5214
7444
91
6409
7306
6641
2895
7743
7738
1774
9335
9012
8257
501
632
7054
2742
7556
1311
1361
8676
8935
9544
8034
5778
4022
8635
8585
9108
3489
7975
6108
4851
3080
3826
5081
9657
63
2544
6724
3728
3954
4643
8482
2971
7413
435
629
5062
4912
9038
4105
4555
1656
1491
3646
6357
561
1450
1574
5018
6803
8695
1217
5123
7305
3184
231
8126
225
3995
4678
3654
529
9660
3948
7858
2007
3134
6311
8988
8244
688
1963
5716
2441
739
5955
7574
306
1442
9115
3831
4034
2274
8717
646
3647
924
7643
3233
7199
3927
1468
5398
9683
57
5610
6220
3218
3376
5355
1938
505
7724
4127
4519
2593
6177
5577
955
18
2139
3968
9845
3431
4721
3160
2708
7249
1678
5453
4714
752
1740
4000
5207
3982
7219
1556
5043
4142
4066
2219
2463
726
715
444
2541
345
6020
4632
1933
4231
4476
4013
5498
2937
300
8906
1589
8263
3023
6916
1522
5884
3396
2376
6625
1004
6098
9458
526
340
9131
93
9179
179
5941
7580
572
9159
3973
9511
7700
3563
8494
5018
3520
2960
5370
6282
1474
153
4407
409
751
3451
5876
8205
1563
8868
4589
2107
852
3227
756
1978
766
7288
8785
85
5854
1125
7532
9808
9353
9174
4408
9566
4782
9764
3475
9890
6609
6928
7149
3892
5323
9542
4423
4599
4767
1775
764
5721
7887
7755
4916
8537
9808
9950
2039
400
377
2491
9680
9385
5282
8302
2611
898
4907
7614
7489
4760
1308
1443
5514
1517
764
1636
8066
3405
1044
4468
9033
562
5478
9197
8612
7476
649
2140
5904
548
4279
271
2729
5307
2249
3197
9831
142
5969
2166
1305
2965
8249
8794
5637
8716
7356
6909
1328
5208
802
7771
6745
4783
3921
3592
9868
2465
3233
1147
7988
443
7982
4571
4481
1677
1540
7723
8507
2474
6487
3234
4310
5312
178
8462
3831
7113
7361
2234
8055
2097
7281
7516
3127
7191
5496
5604
7731
8681
1408
4802
5002
2348
2824
727
989
1337
8349
5214
184
9262
6965
8636
2446
1347
8205
9398
5512
2379
3957
8642
4815
4894
9322
5616
4809
644
3395
2361
6737
36
5246
7017
6603
9182
6588
1001
408
3093
2395
6160
3813
8689
1587
4811
9913
2116
740
2170
6271
3611
5071
6861
7505
3159
8595
62
8599
1420
1098
5152
3520
9178
4259
9480
4318
7914
4578
9051
5303
4491
7301
521
8523
6828
9289
5128
1936
1868
1790
5123
9109
2257
5079
9011
1973
7958
6837
1086
410
5384
4693
2192
4661
3026
2487
7192
9852
1704
241
996
5877
113
8453
4335
2545
4871
2687
2649
7531
1891
963
9912
8897
2117
7573
2445
6162
9089
1384
537
3562
9056
6092
8626
3307
4470
2339
8464
6781
527
1779
9885
2280
7743
2370
2492
7056
6362
6382
136
1201
2209
699
8737
684
2110
9825
3138
737
5090
7941
8038
1550
5772
9815
2060
856
7900
749
2152
3320
2249
6607
2925
8456
6671
8404
2119
5103
2733
8652
1741
1242
8814
734
9878
1389
6278
1091
2299
5689
3231
3970
6526
6975
9524
670
8729
5268
909
8559
425
630
9852
3053
9788
2143
4920
3203
1961
1607
5000
9762
4079
9744
9201
4708
9392
8109
6547
2611
5295
963
7825
841
2247
8148
6655
7146
94
9992
897
3903
1530
1742
5905
9734
1538
6562
2017
7319
232
9968
4834
6425
7926
4281
2371
3557
9414
9811
7198
9305
4422
5831
3615
2753
9227
9718
5862
1409
9013
9500
8464
3287
3187
1560
6400
640
8936
1499
6227
3064
2303
4385
3492
7335
986
6221
524
8281
2625
2872
2095
5309
6136
7820
9619
8433
7569
6508
9265
5917
805
9287
5713
510
3037
5166
4145
52
2437
2226
7318
3886
3011
4771
2886
7637
660
725
8436
1016
2247
1076
8525
1207
6590
8250
819
515
690
751
264
1268
2182
8642
6253
7739
5423
7814
9835
3162
1122
575
1026
6066
1582
5677
4512
6156
1275
8440
5779
3962
2050
2846
3362
5104
4399
1162
2008
8926
9781
3783
1219
7280
9553
7876
6892
7208
6305
1096
2056
4379
2069
9401
4590
5946
3943
6296
7753
9235
8551
3807
2032
2152
7418
4015
1364
478
4035
2692
2874
9194
2114
5419
5769
8520
9020
2790
1478
6748
9420
6781
6206
7325
6520
1512
6755
8239
5942
459
1579
1361
3440
2290
2645
3448
5974
2286
6876
8331
739
1695
5681
9679
8274
6275
3748
3235
850
8511
2595
7023
4583
9581
1110
7610
4339
7349
2234
4954
132
9407
2844
7312
1055
376
4568
1316
1422
2772
2130
6109
2838
8052
5892
1572
1084
5449
1802
8891
2232
2888
6026
1529
6618
7775
5176
4520
6156
4536
9
6465
680
9019
6293
7
668
2810
7954
9282
778
760
4478
7710
6660
971
7709
1668
520
1138
4468
9399
56
7561
4597
9362
1965
2587
9163
9329
8461
24
5032
3214
9530
5352
9022
7118
4013
895
2762
9244
1603
6179
6391
6244
9926
9611
9602
9588
8798
1721
1401
3423
8137
729
7098
9682
2073
2651
7257
6988
2973
3486
3761
4008
4707
6334
478
2765
6988
8656
2154
3160
9231
829
2695
6809
51
2460
6012
5021
8679
4676
7379
539
1684
545
3826
7249
4469
8468
7688
4432
37
6689
1386
4950
2010
7300
5231
4748
9648
9445
8024
5824
617
1149
6100
5412
1379
3495
2883
3255
4538
427
6760
5075
3904
4488
3813
9656
4457
721
2113
583
7996
4122
4604
514
3319
8227
5735
5619
7282
2101
9309
395
486
2059
8903
5581
7951
3252
7662
5178
5759
4039
4561
5039
3861
1063
4826
93
6190
9192
1772
2504
3818
1296
6080
2467
8290
3730
6799
7146
3800
2024
2609
4561
4112
6513
4055
4524
2429
4986
999
4511
2271
2448
918
423
3083
4261
8906
1817
8827
3841
3025
4779
4168
284
2747
3713
2660
1370
8351
4777
8348
4567
9868
7146
7310
8708
4094
3129
2712
1282
7812
5036
5617
2765
2783
4899
5563
4635
8526
917
377
4805
2887
8440
2636
8646
4744
7220
2709
5043
2671
5945
8694
9946
5158
9806
4745
9183
2210
2572
3621
211
4526
6139
9582
6743
3300
6892
1148
8224
5964
1847
3854
1324
2423
967
2513
4965
2013
8788
795
1588
5462
1760
7837
8328
7894
1493
8856
8648
8413
9405
1374
3638
3533
2802
4028
773
9660
5736
4918
7629
6701
9129
1124
2813
6121
9056
1244
4386
2164
7049
1520
2485
3709
855
169
6442
7925
2295
5395
2455
3365
468
7418
1683
1497
75
2133
8656
6944
8289
8882
938
7720
113
4595
561
821
8619
5975
7540
2611
3467
1099
1087
588
7239
9778
9272
9372
2364
7890
3365
83
745
1825
1025
8281
5836
7616
1599
888
2317
6439
2798
7511
4985
7217
6031
5715
2017
8009
6084
6739
7874
6292
922
6091
5206
7681
8361
9552
4684
1486
8778
9470
9973
7132
1064
5254
6335
7510
2683
4044
342
6221
3346
528
5064
2488
2560
7883
6360
5578
5465
6667
7398
1636
2925
866
2734
1821
5205
2828
7839
3566
733
2016
4334
5570
7761
825
7883
2158
5164
9620
3026
5485
6509
8268
3430
9983
6427
6756
6905
9379
9388
3253
7536
514
9905
7913
4246
9838
6165
2295
7710
363
1446
6095
9229
7996
5332
1064
9624
6912
6937
407
1323
9486
7240
9891
4298
9823
249
9655
3661
1499
8116
1623
3846
1319
2078
2583
6149
765
4785
4248
1311
8651
2239
2436
9275
496
4552
4619
3534
8741
7770
4319
9864
6568
1514
4364
1950
5439
6818
716
5850
6490
1867
106
7490
1289
4298
885
4069
3328
6704
2024
5724
5752
142
2423
2766
552
8918
7804
7189
2387
7609
9922
6960
5844
6332
6625
9033
8039
1869
267
1914
297
5718
1302
2458
5442
8832
2875
4541
1490
283
4927
3627
2298
5755
1488
2752
876
8486
1201
3765
5909
3803
2601
8445
7817
9718
3112
2723
7679
1939
2684
1203
8559
4703
6547
2808
9338
5350
4801
4389
2296
441
3765
4998
9463
8159
1254
8728
34
1566
2435
3734
7904
5579
1163
1062
4383
5183
6234
4101
9424
7579
5766
7823
6612
7646
8681
962
7383
5397
2495
5813
8028
355
8081
947
4505
5537
162
6637
4596
265
6794
8704
286
9567
8466
771
8206
5568
2671
8773
9953
7374
6898
5093
3953
7162
6511
2178
1763
692
6908
1301
661
4224
6156
9884
5223
715
7309
1641
9753
4941
3838
2043
8278
9807
788
1052
5039
1968
5071
716
5419
1155
8584
2781
9773
4124
350
4543
7973
7596
4113
4253
796
41
7775
8584
7194
3922
8604
8115
3162
4211
167
6560
4880
4980
6762
761
5865
3736
7586
6738
9124
2323
5680
7103
4656
428
2014
3441
9286
7108
2534
53
7031
1286
1456
3887
7609
5568
3386
6883
9406
6018
7276
1285
9173
8406
7372
3507
8597
4015
3103
6480
1078
2757
6466
6259
4418
1761
9287
927
589
4869
5715
7765
3825
5230
4455
8233
3132
7933
7806
753
7229
3795
2006
4691
3548
812
1490
4880
5306
4206
6015
2412
5673
5138
3269
4897
6268
2067
1457
8051
9010
6694
7856
1205
863
2938
5534
6894
7580
7936
8671
8981
5071
9229
8861
7011
941
3103
7572
1385
7760
9500
9450
2608
5075
626
1843
6881
9877
6315
6547
6996
525
3040
9972
638
4763
3729
4955
5206
1471
9906
5142
39
8301
569
9385
6843
4833
2518
7497
4278
1887
3347
2504
5202
1998
5020
7522
2523
3542
7729
6855
5547
1655
9003
969
6
3532
5180
6184
6873
9712
8347
8731
8847
9214
4318
8322
5621
2015
9242
7194
8496
6080
2984
1313
3932
2466
457
7995
6887
790
8860
7875
1550
2231
1550
4869
775
7642
1426
6955
5663
4980
6866
1606
9541
4267
8005
224
7608
2591
8098
6015
8189
122
3909
7980
5365
5813
7552
4373
3181
9309
4981
9376
2918
7094
6130
3585
5319
1726
2092
6508
944
7733
9247
5519
5474
2379
182
7306
2667
7210
8551
2896
2263
6261
5410
578
1668
1921
490
4586
2134
3715
5155
7093
8699
2699
8990
5845
5232
111
3362
7285
7684
42
3916
7341
9212
9398
424
8825
728
2599
241
7429
7765
8138
5030
1452
5075
3981
1935
4448
5384
8321
9471
8268
2469
510
2091
1032
1320
4053
6907
1533
8148
6219
3934
1834
9772
2564
9332
2773
7318
7726
9143
3253
9262
1856
1338
4447
3417
8498
3654
4896
2092
8830
9041
4411
1709
839
2032
884
9145
8969
8191
9163
198
2193
2544
6108
5387
1582
8529
5878
797
8712
9713
202
5004
4911
9462
9382
4590
2519
9287
9218
5099
3410
8768
7467
5657
4543
7286
2255
2410
9969
936
7128
7300
6131
2087
9628
3503
315
664
6371
5125
8379
2745
4922
2454
31
4481
4808
7626
868
8187
5822
923
9926
6277
6420
7459
7485
6500
7122
9571
9096
8187
1116
8516
7817
622
2513
8018
2323
6640
8454
1558
3938
9204
1950
5524
1337
803
780
6085
2754
8810
1004
838
2097
8519
6222
7553
7145
2964
5349
2764
5315
2947
8319
7440
4812
2539
1701
4811
5327
6690
7829
2488
370
1933
3709
2878
9876
3861
8859
1895
6855
4251
3411
5331
4411
702
6097
1981
6012
4603
3615
1645
4524
4774
1896
1566
2451
9638
7550
6209
9509
998
1705
371
437
9482
9441
4092
6393
7343
6573
9816
701
3319
6812
5802
7213
9060
5700
9614
5421
6755
9258
4014
2314
1484
3745
2920
454
6664
5
990
6448
6307
6026
7727
5746
3971
6272
3494
8559
3192
2954
7441
5132
8389
7328
1170
8846
5311
7264
2155
1716
9396
1964
2423
5670
222
32
1893
5246
233
4130
7145
7413
386
5471
5445
8449
465
1987
9092
8206
2681
8537
7960
5995
4782
8964
4037
3510
3271
685
4142
89
9909
2078
5872
6806
5316
5662
4477
7634
6064
109
4650
3374
2026
3458
7243
8475
1436
1186
8110
2398
7033
2596
1862
7986
5226
8083
6218
637
9477
131
8478
3509
3087
1224
2577
6565
421
1506
6728
6202
8358
478
9929
6690
8276
4905
6907
4599
1227
6357
9756
1288
9569
369
772
3577
1552
8932
5977
3820
1489
4042
5363
1023
2826
9985
4434
1016
2985
9942
4765
2846
418
1196
3086
9418
2743
6237
3819
3373
8823
5108
9686
8563
3561
1369
3608
4089
1304
8110
3562
6346
658
4057
597
6688
8733
5763
860
4857
5946
4848
3079
7239
7421
9504
1745
6077
1756
9846
2965
1894
3383
166
7237
3768
4376
1076
7660
8617
5596
4570
2901
2896
6592
3321
8348
6175
9520
3844
2181
783
3262
1610
1755
7900
255
6066
4442
9811
970
6859
9391
8873
8708
3844
9263
6141
102
2009
278
4033
1249
7920
5443
3380
5461
9251
4544
164
1308
1869
710
4578
9917
8810
5410
8358
6143
6666
1697
3460
1530
2678
3747
2494
3237
1878
766
4620
5388
4354
1648
6058
6962
7352
8010
6337
8918
9692
1786
2647
4857
2598
5208
5563
7456
6537
2564
3755
5253
9440
479
5097
5604
1437
9512
9790
5587
6820
7032
5069
7602
869
321
954
1604
9945
7715
5532
2414
9535
4432
6465
1102
3911
3650
6145
142
1918
6265
1477
2394
4875
6970
5881
9151
6009
229
1104
3478
1878
1495
4742
3439
1979
4913
8300
3154
2364
5350
8895
6883
9635
747
3929
84
1576
3227
1196
6032
2515
698
7756
4246
1348
9339
7740
9156
5234
7812
7324
4805
9843
2338
6129
7852
684
4103
2677
9762
4698
5388
5745
9821
5119
3524
4503
323
8176
7581
8053
9742
7390
7341
6599
432
2355
6667
1227
8090
4992
7004
2650
4872
8629
1424
3109
4049
4880
7709
3055
4220
1081
2587
634
2517
7084
6689
7124
8370
9720
2335
2675
1375
9880
6043
8094
6913
6512
5552
3821
7754
4363
5381
9059
857
6802
2603
2027
1797
5038
74
641
9498
1841
4317
5043
6211
8130
1468
9575
2025
1800
9561
3486
9292
2057
3949
2873
2593
2019
740
8234
5435
6698
583
4606
7341
2515
6170
618
6352
4832
9446
2724
7665
1356
3769
1843
4238
4057
7451
184
961
5128
7778
5838
8412
9193
6570
4881
3782
7732
4494
3035
9446
1318
5850
660
6319
9039
4405
9082
6763
9436
5834
4366
8203
7424
6742
3602
5423
3240
1528
7824
1186
8304
7492
6476
1912
831
2249
5837
5899
2090
5525
7559
9123
9047
22
9132
4421
4768
500
9012
334
2763
3148
2250
3536
4663
9326
2584
9613
1721
1721
214
2723
9511
2886
7375
3992
789
2164
6309
7302
4190
3459
4230
7593
9445
7540
2478
5687
444
5167
1694
8160
7460
2597
8061
2424
8343
1288
5214
449
9810
584
7314
861
4822
2896
1904
2643
6081
322
1873
5456
2712
8207
705
6241
6343
4602
6466
6030
236
30
882
2362
449
8221
6801
3802
6089
6076
7612
7058
6556
1804
701
7671
5429
139
5894
4113
5228
6331
9722
768
4224
593
1566
242
6775
6849
177
1538
2360
1465
1720
6083
4616
2429
4013
6782
7876
4658
56
7897
5279
1901
6958
3258
4876
9213
9337
2907
5486
7094
6519
2751
7645
657
8328
7493
2043
8914
6002
5706
2920
2296
6279
724
1587
7691
4089
9581
4338
1682
5292
1374
5267
1923
5981
3437
4595
8399
3617
89
5614
3421
3313
3860
4249
4887
6660
753
6652
9331
4109
1135
5908
6260
6327
8709
1720
2081
3662
7823
8457
8244
4687
7992
1775
2358
6514
8665
8369
5193
887
4978
3110
7879
6159
8424
8730
7291
1932
9967
4914
1166
7979
3368
7667
7379
7792
6253
5183
965
979
4539
34
192
2073
976
4332
9918
2310
4038
5104
1844
6386
7919
6972
6941
4425
5410
2601
21
9207
1638
4341
1385
9939
7054
2430
591
9067
7828
7042
3617
9296
170
7829
4286
3747
109
3970
5219
7664
2059
6054
4278
3354
7512
2169
1605
3559
1195
5262
7213
2173
8831
1180
4254
1789
2552
1245
2814
9935
4468
2167
3835
718
9795
4650
2038
1860
664
7689
8941
8489
9873
3132
4873
6424
8915
5173
4008
4018
9563
8464
4988
9751
7330
5953
4100
2482
3791
5816
7418
9876
9922
1400
1021
2356
367
1192
8641
3797
4472
3993
133
5703
6495
602
7987
7155
5547
3959
6350
7873
8937
9081
3144
7788
6710
2378
3619
441
411
2967
6985
8067
1737
9851
174
170
4549
505
1269
1100
1622
7354
2369
3540
6654
9543
4430
6803
9078
2473
896
9437
2382
4639
699
3525
4804
1216
1106
5706
3923
4641
549
5075
4014
297
9126
7896
8574
9059
3548
2243
458
6515
7594
6776
4181
9997
4225
785
4973
1697
5508
1868
3137
6715
5883
9432
8771
9194
9387
3325
3247
2368
9125
3932
3580
857
5773
2583
4386
4607
8316
8162
3115
1725
3353
9034
317
3282
9380
9748
9719
280
9187
1640
6315
3077
8914
6607
5724
1778
5189
1659
1945
8330
176
4599
1049
85
6379
1822
3032
8325
4863
8415
5521
3664
7252
8946
8174
4143
46
196
829
9446
9926
7465
4435
5541
918
8610
2102
5934
2536
7915
982
1528
384
1194
3597
8035
40
2054
1272
6508
4459
5028
9094
52
2501
8456
6575
6908
6665
1097
4070
851
2388
2437
4658
9346
7777
5927
2602
7367
1052
4310
3201
7153
108
2000
1121
732
3148
1958
6668
7806
7594
6953
1807
112
2370
5588
680
6560
3356
3884
1771
422
8532
4662
1552
6550
1818
5976
176
517
426
6371
4384
7215
9996
3294
7309
1240
5999
1830
8025
3217
5667
68
4359
9038
8501
8911
8594
4901
7919
5844
1747
57
384
5555
7092
2631
1816
332
1567
4096
1480
5706
2187
6072
6072
9982
9640
1359
649
9742
490
1630
4829
4415
6771
7988
2597
4769
7525
7153
5674
2266
2839
5922
1103
2613
2358
7118
1301
3036
7311
16
6799
1699
6139
1509
9112
6663
1083
3321
291
1543
2149
9821
450
2497
4558
5163
9194
8352
4856
2589
2853
7061
447
2922
3913
8339
6912
5730
1944
9519
666
7228
104
7047
1480
5358
6341
2097
1166
9165
947
4696
4658
8614
1577
8211
9790
4731
5660
5398
5380
6673
7673
6605
2690
1929
4869
1317
1111
1005
169
7677
1445
5118
3481
7757
9785
5643
6965
7509
7671
6900
1475
1673
922
5024
2010
7916
7259
2363
499
9418
5761
8916
7564
4202
4249
5318
2861
8980
3798
3365
4384
6798
491
2876
779
3149
2807
7204
3873
5514
6641
3270
8025
1027
2949
2884
3693
4900
1087
9701
3975
5
2838
2256
3639
85
3595
6971
9608
5462
2915
8356
3909
1403
9666
126
4215
320
2473
2768
4705
3961
3442
9291
655
1853
4618
6682
1627
3843
879
9887
256
7294
5323
1979
1763
5877
1921
9502
5199
2054
3814
1104
2816
7403
1858
766
4372
5213
7048
4648
5246
9320
3395
9179
9483
1023
9986
490
6186
1890
37
7570
806
7501
9337
2958
4246
1202
4210
7032
7016
5049
2024
4625
8858
4871
5444
2963
6361
8780
7739
8580
1566
529
1147
8653
9159
7026
516
6268
2499
344
217
8902
9921
1850
8408
721
7082
4309
2007
6881
812
4057
9409
2593
9001
1877
5360
2548
9200
8054
395
9884
651
684
9602
7706
1002
6125
2313
1096
2142
2974
4099
467
265
414
703
380
8245
3141
9576
3408
2403
9229
776
5495
2198
2351
333
7930
3664
610
8272
3464
8700
5343
9922
9530
859
2360
6120
1637
5908
4938
922
1424
4567
3808
1799
471
7697
2570
508
6943
3206
6797
8342
8938
1082
2685
1812
717
1665
104
3729
415
1128
8692
9825
1589
2948
8620
90
5212
3803
1094
5414
8599
8385
3192
6376
809
9077
7165
8347
9316
4699
770
6194
6419
3035
8966
7804
8485
7947
736
4839
1419
5337
7379
2519
83
1548
5567
4247
1493
2285
3226
3328
5854
2880
271
7593
171
5240
5653
1503
1096
6731
1235
5829
6554
3587
5906
4574
5849
86
1715
8777
3970
2406
7746
5005
9947
6539
7180
1558
5272
9792
7276
4208
3022
2045
5596
2178
4149
1028
3690
5565
1587
9215
8824
6150
311
8552
6217
2177
6163
5722
3864
7360
1757
2631
7531
2539
7623
633
3512
6864
6461
8446
4422
5853
6975
2703
4727
2572
687
2192
6628
5456
8829
4894
4714
5166
3777
4660
4003
6158
8745
863
8552
8115
819
5524
4165
9704
2749
6606
2397
2412
4555
2350
1695
7088
2248
7277
6537
319
1153
9236
3980
7118
5134
4879
6160
9365
8161
7854
7529
1389
1652
1581
2154
2139
4014
2581
4777
8268
7542
8371
2210
9555
2475
2055
6896
7760
419
5489
8745
4370
962
9112
7721
1983
8781
7580
8194
6034
9791
6061
7523
8229
9980
9548
5430
3471
388
3442
653
2097
9114
4366
7407
8124
9957
7331
912
4278
7334
5426
1311
1086
8955
7988
1220
8044
9555
7004
9161
3709
7347
891
1639
8062
2024
6500
1380
3560
3038
8035
12
3308
4384
4168
2989
4288
7393
7161
2631
3001
6506
775
5812
4234
6324
1248
4772
8781
5976
2759
3484
4495
7397
5935
1695
3298
4818
2542
6317
5726
8484
9968
763
2280
6242
7418
35
1623
7527
6977
9566
2386
8487
5290
1599
2223
3845
725
1137
7001
5300
7284
6131
672
8861
4001
9202
7366
2432
7840
2632
696
62
9297
2212
411
9078
3818
1865
3880
5454
4195
7228
6377
5332
5554
5800
2564
5718
4697
3
5464
6286
3085
7078
7464
8546
1577
9833
7493
2139
8164
3261
3839
1764
5294
1662
2893
6021
4210
8952
6683
4160
9911
6985
7173
5067
3751
4391
1250
2958
6197
2451
6260
6432
8265
686
893
2845
4367
1722
6389
9947
9344
1685
698
2701
6448
2273
8711
6167
6728
8471
3065
1747
7205
2669
3535
7218
2129
3893
609
4471
1938
9256
2498
1968
6528
3554
1002
6038
5595
4400
3326
8903
2814
7463
5922
8802
3229
2438
6801
5651
2342
9214
698
5904
8373
7809
2478
7282
1305
4137
3144
7047
7846
890
13
3399
1643
8363
5861
293
3862
7088
5833
5257
5604
7931
7102
9419
9791
1940
8194
3811
386
7750
4661
4974
6624
7324
2043
7795
1957
2732
6000
7063
9067
1986
1195
4429
208
1103
2023
4594
2518
8708
2462
9527
2044
3738
935
6256
6732
259
9411
1485
3030
9494
7443
9655
5452
8598
1293
1725
366
3364
960
8783
7191
6871
4996
3034
9960
8313
679
8580
6900
9571
20
2666
7597
1611
7061
3369
9406
6572
7995
3786
2505
2102
636
2993
6498
3176
317
9079
108
267
9985
8822
3028
6801
321
3157
395
7070
2125
7013
6025
2453
4644
970
5023
6054
6991
9933
9612
4214
5283
1794
1107
4847
4311
8693
6155
9529
226
5835
8664
985
6906
8918
2136
7193
5402
3015
2146
536
6835
1467
5355
7059
2421
2863
2682
2115
9646
246
2829
681
866
9789
7804
4776
9340
43
7261
5825
3158
2239
8040
3604
2964
5925
8221
3158
1190
6792
1443
2414
5454
2479
2340
4484
1536
2113
4534
3691
5817
9258
2059
8702
8129
4626
556
6713
5076
2683
9106
4393
2270
1740
8614
2294
6807
4588
6970
6736
734
176
9048
6952
4969
9096
3642
1056
7356
151
4603
2453
9241
3202
8445
2396
5944
3594
1227
7098
9975
8445
192
7256
1748
9289
824
6231
8954
9235
8823
6895
9801
359
6855
4479
8074
3792
5143
4496
114
2682
2513
618
5525
7269
7883
43
9742
8254
6209
148
9900
7672
3777
598
1264
4112
712
3437
101
9313
2364
2300
2416
7733
4058
330
3801
6925
3634
2219
5530
2450
720
9249
2150
701
5485
691
3211
3363
262
7854
8124
9669
1260
3068
5353
8631
7149
2482
2817
4928
3697
3006
4699
9729
984
1457
9663
8440
3427
5801
7579
7095
1744
1650
2307
3392
43
941
1065
3492
6514
1057
9790
556
6025
7473
2968
2312
1838
2478
9846
2998
2606
1534
5489
6980
8025
9820
3972
633
2513
9282
1261
4065
6474
2741
8293
359
2333
3696
9037
6408
2622
8371
2987
4341
6208
8013
5157
5049
4853
3079
8572
1100
8091
1795
4650
7158
2868
692
3519
3688
8102
863
8137
9543
1396
7987
9812
3434
2347
4949
6658
8614
1840
4494
4907
4616
856
6888
1223
6547
793
2791
8249
9162
5600
5701
5839
1135
4339
5424
4201
5677
6617
5671
8023
8450
4759
7859
1207
641
3757
5922
8942
8119
3025
4666
2917
8396
1003
7691
8726
6941
2626
7893
1080
2231
2566
1020
968
1287
4093
3145
2089
4255
3698
5763
6223
1674
4252
1677
4231
9588
4988
2001
7465
4435
7866
1901
9025
2283
6897
941
9019
3409
8920
2442
1135
4941
2867
7985
8508
1493
1082
6294
5128
4967
8665
122
7367
7143
6553
9306
8043
4698
8142
5498
9292
5810
3650
833
9881
2459
9696
1319
4478
9093
5539
4876
9894
5346
2368
987
9652
4370
8162
3391
8670
2941
5591
196
1578
5985
2248
3921
3676
9356
1773
5651
8047
6460
7728
1102
9538
1301
849
1504
2966
3106
2251
342
711
3855
7846
6882
2151
4038
9950
732
5474
6729
2226
6057
2766
3599
6448
2010
5105
994
1951
1398
2841
7640
286
2890
9463
5233
9948
32
4444
4368
7816
1133
7111
460
827
6687
2014
7817
2196
5158
2940
1699
8307
242
3100
8587
5400
2302
2643
7700
5662
8603
9347
1040
7107
5231
222
4102
1337
7903
6055
4999
7667
1787
7264
3041
9289
5577
9041
67
3485
9588
5877
3874
7250
9446
1307
9355
8186
675
9546
9914
1872
4520
5956
5386
6806
4932
8095
4573
8577
3046
9808
3086
1762
151
6746
4598
423
1192
1287
1115
2465
255
965
6095
9992
2829
6067
1976
8413
8020
3709
7659
463
1639
3157
8143
3601
2114
1235
3967
3370
316
4895
3758
8430
153
5773
6018
636
8101
601
26
617
1165
5059
4626
2843
3712
8158
2329
6361
230
7669
7153
1602
6608
4157
2742
1771
208
6897
1954
478
8729
2603
880
8832
9034
9200
5006
18
9495
7086
2905
555
2408
2424
2547
2405
9574
6610
2264
4070
355
8601
8658
6368
233
3189
4121
8428
422
819
558
2803
6998
9709
1514
4190
6273
9291
2690
3408
9334
9103
3518
9425
4616
3660
6362
8956
359
5943
2363
1948
914
6626
3095
5059
3020
1045
8718
9052
2812
5070
2461
5235
6298
6780
9764
1330
5734
2951
7014
2094
4667
4339
5441
2737
8963
7846
2159
6458
7404
7238
4716
8771
6044
8199
6503
7186
5168
4004
1710
9187
7979
1901
9925
1877
3661
9872
5704
5443
3522
7260
3810
8276
3308
3203
8220
8837
9939
398
5609
9158
7276
9830
7377
7843
2119
9953
1740
1477
8270
2139
7009
4442
1530
965
7568
512
4120
1603
908
6248
7356
1169
6797
7210
1700
2662
7365
6132
8111
2445
8577
6680
2399
6848
2674
8069
4366
8695
7852
5876
6381
3777
7263
4327
690
8257
3428
3678
1330
5611
5690
1835
9964
8271
9280
9528
440
7941
8197
1398
9056
5915
6975
3399
5966
6908
1673
9487
1318
338
7936
2007
7717
1039
9391
115
7689
1015
5130
358
4179
1024
6328
3123
155
2333
2451
614
898
5288
3700
1474
4429
6751
139
5677
7024
7953
1404
3898
2057
970
8512
6247
190
7068
3515
1446
3610
7279
2649
5984
179
3531
8910
6632
1743
8996
2622
2300
7529
1974
3898
6034
1966
1698
4220
3553
7085
648
5941
4239
3438
8550
2916
5882
5873
6033
4025
3561
4538
802
3851
5204
2075
7076
7190
6178
2931
4075
8457
5634
7253
6296
7551
5885
1644
443
6028
3515
4589
9448
9786
6276
8397
1215
7908
5721
6533
7589
4050
1762
8179
2744
1718
1882
4002
6626
1959
6713
6924
8027
971
3649
6687
7573
2154
3595
7821
2851
1953
4035
2137
2602
1716
5843
5951
4508
4295
4252
866
721
8222
6955
1708
7832
4355
9098
2561
8173
2744
485
4708
3180
4606
287
6606
6150
6708
2868
4332
2353
1812
2802
4792
6614
4778
7138
7355
3078
9078
3644
1729
7133
4372
107
6685
9275
9450
3612
2974
1503
7810
5342
8882
2037
7848
1478
4714
3394
6181
7473
9390
862
9469
3950
1779
6243
2454
1659
8249
1748
6073
6351
1673
7856
142
553
9678
2152
2579
9705
8468
1885
4157
4732
7054
4511
2610
2364
1180
1698
7045
9544
6221
2162
6675
832
6480
2809
5262
9269
3745
2751
4216
207
2946
6643
834
463
568
6184
7205
2567
888
8386
288
2167
5681
2385
3156
75
2027
4478
4508
8514
8592
9140
5840
3248
4745
5890
2459
2663
572
2959
3099
563
9189
3805
1561
9300
5315
8498
9146
6607
4548
3860
3445
3992
3458
2084
3333
2649
4047
3405
817
9415
9119
7629
8954
2983
6582
6083
6501
4603
6002
1115
9129
6450
6505
679
635
4896
4885
8095
6568
5450
7919
6651
2370
4917
3466
207
7647
7344
9889
9479
3118
112
5427
868
362
8267
1693
2247
9652
3448
7849
6140
6604
1654
2390
6856
3408
683
9096
9687
2760
4702
9169
1664
1776
2488
1023
763
184
8935
7432
886
3897
6835
3987
6738
5064
3782
3944
9795
4607
3158
1707
4361
7706
8102
2341
185
5663
157
8307
1553
1666
885
7859
6523
7879
8775
299
9632
8457
342
8716
671
6075
3114
9047
2222
7644
8958
4127
2402
1104
7757
4783
6747
4204
2474
2173
7842
226
6878
655
7686
1277
806
8780
947
1167
9756
470
101
6794
6469
9942
1837
4075
8075
936
7249
573
4141
5496
1994
2077
6869
9294
3369
8521
3434
4006
9722
5887
5542
5890
1181
5779
3880
8116
7377
2560
1469
9558
7330
1874
4204
9772
9477
3827
3680
4989
9155
1445
1658
2701
4291
1967
2951
3534
2780
9899
3326
280
2282
175
909
3238
8079
6170
2581
4515
2044
7249
2788
6133
9425
6571
4115
1033
5874
7225
7488
5390
4379
202
3053
86
6038
2254
1289
6345
9867
1000
942
1436
233
7657
7803
6307
3523
1339
7524
5250
9437
4699
2648
2074
9127
7803
5986
3474
5402
438
7123
6868
2306
9141
6318
1689
5003
4849
4
7111
6927
8537
4290
2073
9312
567
9417
944
2834
2526
6845
5593
7835
342
1121
4270
8287
379
8817
6545
693
5602
8576
7462
1423
1213
1428
176
9977
3170
2816
8527
6432
5414
8898
3720
3510
943
9005
4613
5971
8858
6824
9438
6543
2810
8342
1224
1694
4227
824
3853
2637
9125
5137
2988
395
1724
9273
3442
8009
2135
3510
9369
2725
4119
2902
2063
6148
6795
5424
7018
7535
1817
1261
379
5889
543
1745
6448
1551
4394
9439
8702
5911
7847
8461
5342
5293
1096
1028
3544
7170
8169
7004
6189
327
6724
262
8025
3266
4865
3131
9480
2302
769
7636
1703
7224
716
9897
2302
6392
1050
5775
1325
686
1183
268
9733
4062
9339
3246
5000
2093
3664
9980
8852
93
1492
7547
8379
7463
3401
1108
1094
4151
1899
2645
859
7389
939
4199
6155
465
9481
5694
3345
9223
6214
7878
9144
2053
9883
9997
8188
5666
2516
252
7765
1360
7968
8843
7903
4059
9389
5013
8732
9907
7583
9432
4989
2551
5858
6113
4222
2660
4560
1509
4386
973
9828
4212
9872
2027
2976
1802
1484
6264
4588
1238
6648
2567
1888
4688
9996
471
1316
9493
883
8265
4245
5893
2631
4367
1626
2704
496
8198
1815
6445
2697
246
9345
9484
4291
4152
9524
2861
7423
8823
9553
3649
5301
6795
5804
7600
3290
4067
869
5868
8273
2562
8965
3605
321
5516
7594
1100
5048
786
9126
6781
3453
8538
9125
9511
2556
7699
14
4895
2701
9304
4748
1029
1301
7300
2924
8245
7810
1542
2313
7217
3249
9078
3942
590
449
5239
156
9565
2958
3229
9493
1404
9830
6674
9495
8477
8128
2117
2821
7766
942
1923
4546
825
5536
1977
8807
7574
506
617
4808
526
5928
427
961
9625
7873
5496
8902
892
8154
5746
1035
2260
5325
6502
2289
631
553
7029
4210
8859
8235
4687
2062
9479
9436
595
1367
218
797
8964
7321
74
6976
2172
2462
7167
7145
7574
4929
9007
5109
3191
1457
9436
6969
8125
5305
7515
4382
8396
4493
9239
4827
3861
3607
4566
7747
5865
3634
4491
2256
9118
4790
2973
368
4511
469
6119
4207
2713
837
2368
1606
596
4655
5004
7650
2672
616
7347
3015
7889
173
6417
5126
9501
8068
2030
1292
9604
6529
3456
2621
6335
885
4703
625
2285
4894
4136
7469
7019
7962
3333
437
2098
8573
7483
2721
5062
9029
7333
7629
9053
7340
2656
8773
7150
1998
9576
5904
6571
3323
9393
9323
9664
783
8040
3882
4973
768
2556
6731
6545
6376
8792
1547
7545
6275
147
1692
5704
7322
1355
2711
7304
7200
3902
4031
1680
6221
8810
3493
631
5178
5494
6723
9177
1164
4128
2979
2232
2708
4698
4255
1142
422
4000
8815
352
4248
7179
6542
1566
9309
5052
6061
8233
546
2546
8860
684
3065
8637
2053
5823
2836
2471
1644
433
1908
6944
7908
5589
1522
329
9235
4447
4877
7044
505
9648
5797
1980
7868
7871
9240
7968
8791
7608
4362
8500
3684
5546
826
793
4584
828
2162
1948
9534
1089
2703
526
902
3981
6530
5667
5022
8359
1557
8846
8193
6432
9346
5468
4272
867
5633
4174
9790
7535
2448
9820
7552
4209
9303
8151
165
1734
2444
301
5537
5984
900
4515
7504
984
6012
6143
1897
5796
1014
389
2928
9113
1207
3940
209
595
1280
6112
1257
291
956
9313
1975
7338
9801
5341
8420
6500
1482
7586
7262
4823
3660
1384
2106
3117
2295
1941
2603
702
5304
3793
2909
738
2812
1212
8135
2583
2175
1821
4241
1103
9461
3470
8162
9388
2360
3668
2285
3263
1572
3076
940
7262
1343
1971
1341
468
3901
1389
1276
815
6914
8474
1345
1764
5176
4780
6363
3382
3044
3869
4797
8761
1588
3528
5944
8608
220
6197
8009
4798
753
5257
8035
2284
1349
1646
3456
1606
628
335
1748
2124
910
9448
1987
4519
9973
4125
1204
1641
5657
5960
2293
5001
7153
4408
385
8734
9197
4359
2382
1290
3258
4603
4172
8825
8742
6912
4475
8667
8469
5540
2012
8879
18
1795
1899
4274
8457
5173
362
423
4980
7398
9409
8968
20
246
709
61
2
5185
2743
2026
8439
2496
9134
686
1161
4336
3735
2267
231
1282
5291
1888
9543
1732
4225
8174
2541
302
1238
4889
253
2016
9370
1678
4709
4394
3069
1141
8693
5773
9737
2007
2464
7842
2401
1619
6679
552
8347
2124
9380
7218
666
215
9684
1
9886
5234
953
9406
2623
1223
1150
2012
1479
1554
859
9421
544
8783
6220
8818
94
2569
2157
7687
382
1935
7640
3327
4271
9833
8962
6061
7983
3947
451
8483
3113
183
5844
4991
8541
8328
2686
5187
2817
4428
464
4341
5910
6355
3344
7080
1085
3527
9461
3833
1948
7435
5124
7725
5243
2696
9914
8665
180
4196
3354
6355
4218
6852
6183
5384
4409
4437
4772
9406
6542
8006
634
7388
3336
5480
6793
8919
4991
5498
8674
7295
1827
3247
1715
7178
8312
9889
5524
7872
5425
331
338
1159
8522
3714
8827
1521
5338
6037
4361
5363
3592
166
3602
6008
2221
6039
2030
1063
8475
7577
6442
5536
2748
9986
5965
2414
3837
2461
9736
5736
8812
1048
7619
7736
192
9417
8518
7393
6136
7873
7141
2124
3751
3428
6719
4099
3357
4472
8792
2000
7673
7965
7302
5238
6062
9292
7929
9761
2723
1636
542
763
9599
2226
2917
2063
1172
7248
2352
2370
236
8480
7536
6047
9041
7721
9691
4771
4465
2706
7248
6890
337
2269
3677
9528
8353
3830
6400
3915
1953
3277
9357
671
6737
4610
5456
7411
3951
5135
7011
6107
9069
7419
8705
1862
3104
4844
108
3122
5728
6461
7372
2653
4764
3506
7577
750
7597
7288
4442
9636
3519
657
2718
2398
8875
1663
4891
5419
2632
1184
9830
3636
2691
2505
8081
4360
124
4006
5147
695
8722
2482
2340
113
7025
9331
3360
3232
1467
7145
5551
1748
5493
1687
1209
9327
3284
642
687
5025
3559
2600
3264
3045
3622
5347
9065
1164
9291
4591
5408
9946
4720
8537
2370
1854
9273
2041
1579
2214
4562
6370
3030
676
2028
1688
7142
6826
2468
9826
5508
3532
9157
6770
2122
7798
8543
8577
3791
1036
8647
5086
1075
3619
1921
649
5340
7133
4202
4108
1298
457
5643
4490
6153
5210
2283
5084
1341
6711
3092
5752
6290
1076
5161
8483
6332
8880
3829
3082
5899
4495
9543
6924
1915
8138
8221
1403
8940
9732
7822
9875
541
4399
5933
9290
7390
1439
4266
4778
5285
7246
8747
8748
3169
7857
7851
1638
941
8185
16
3543
7767
3197
8340
640
1122
3607
2908
6102
6824
6269
9453
8327
4148
6929
816
9578
1790
1052
994
11
1112
5911
2721
165
6088
2443
4051
8609
3351
5130
7337
2895
3273
1630
3013
6947
1470
7650
503
9379
4153
4494
6189
1391
4846
2919
2604
2417
9297
8567
7098
4662
7772
4938
9694
2380
5424
3466
6666
2572
8848
44
2951
635
5035
7114
6546
3965
3624
8803
4149
8586
4822
6689
1208
7332
484
3690
538
1431
2430
1338
6682
8323
2106
4703
9579
3256
3057
5158
6375
2417
5073
2469
947
6210
4403
7033
5235
1685
600
4818
9455
402
1465
3501
8230
125
5726
9776
3553
1270
9679
2316
1003
9692
538
334
911
9986
5139
4583
2707
1669
4786
6703
9571
1165
4234
7140
1457
7507
534
8199
6187
9763
2680
8409
7053
5619
4196
931
7513
6531
2730
7284
8020
9335
5683
3408
7458
2481
3790
8870
196
8499
1403
7952
6769
2532
3351
481
5363
3473
3913
2363
6579
7094
9644
7727
2487
1534
798
3354
2443
9449
7544
4860
2845
3532
4206
7483
7149
2750
9866
745
9461
5712
9620
642
2948
1134
4852
4009
417
1796
1882
2708
1487
9379
5661
3366
5419
8533
1091
5228
5294
6669
4353
9259
63
436
3428
9801
9303
9984
5726
1305
1659
3527
3092
3948
4373
6051
567
6437
3396
6566
5169
1084
9765
4625
9379
7302
50
6385
8525
8419
2714
9706
9357
1993
5872
71
251
9584
1240
5473
5235
6175
4032
2334
2292
725
5307
4620
1065
7611
4387
2047
2390
4089
8895
9097
9877
7111
1123
5033
6130
4006
1047
2790
1955
2942
1483
2636
9467
9738
8905
5990
993
2113
8827
6093
2812
279
1406
3505
2882
7445
1254
8839
4513
6469
6053
83
509
433
6694
1830
9291
7821
798
3945
1356
4818
6949
5739
990
5149
7937
9337
8800
5945
4372
13
5364
3897
5255
4858
9594
1449
7942
6021
4857
486
5341
8661
7825
6044
8131
5999
6815
6608
6630
9453
2737
5933
104
6094
7082
2691
904
4338
4263
7325
5075
5638
1316
2083
1901
1853
7976
5201
1706
1777
168
4854
7793
4170
5418
7248
1811
4173
4328
9095
2904
9383
8
4663
9323
6122
7897
7379
71
3608
6192
1511
353
1919
3315
9021
2248
5925
9078
9876
4810
1700
1236
9196
6904
9736
5616
5717
5725
391
5340
458
3675
4833
5817
2217
1830
4586
8705
4517
4629
788
4897
3822
5702
5217
5738
3647
736
7832
2682
2249
8367
3254
2278
3424
2027
3976
6714
5956
5642
566
1252
7857
9927
7923
7086
5401
9858
3188
1595
320
5162
5006
9427
5178
2696
9299
1473
8577
4894
1054
7309
6394
6800
6846
4326
5594
3281
2065
5746
5299
640
3554
7512
2132
4036
9029
1165
6624
1718
8272
4846
2990
7487
9181
3102
2099
2385
9806
9600
5644
4713
2865
7447
7518
2309
1989
1835
8514
6642
7436
6782
3915
7577
7314
8528
8875
843
9549
7983
2823
9035
5287
788
4406
8810
25
2442
1169
5736
9785
8783
5894
9881
1558
7391
8125
7638
3906
6079
1440
3318
7312
7095
7573
2157
9983
2756
1822
4883
4678
7900
7604
1207
5393
5171
1200
3269
5275
5470
1804
422
9693
2805
9592
1479
1992
9103
9087
4380
1390
8984
2844
3142
1638
5461
4871
626
4336
6539
4998
9317
630
2780
6337
3716
1621
3332
3685
7464
5387
1715
1788
2962
4626
3340
6219
5818
6204
1581
8572
1902
6177
2063
414
3945
5221
2160
4475
7010
5022
1342
3337
9767
4646
3223
2756
5354
8876
5727
1387
2154
144
2209
6201
3188
7087
8874
8933
7835
1101
5330
5884
2885
7410
4716
2750
2184
54
671
3416
1413
2400
6517
3761
1555
9453
6868
6199
9919
5005
7932
5819
5027
355
1184
8491
1476
1453
1320
2880
4928
6305
4054
4856
552
6105
8694
8740
4010
4689
4283
1557
4481
399
8232
6868
1393
1571
9021
6065
61
9729
642
2173
7931
2315
9912
2170
8747
7811
4942
2418
8659
5232
2960
454
4207
687
6407
8185
2503
1469
9485
3292
176
1427
6079
780
5687
6850
4792
4586
1739
175
2443
7626
7947
6113
2864
6351
9232
7050
3587
8357
284
5091
1530
7711
930
6988
4309
99
439
995
1499
2452
5769
4227
6465
8992
543
8320
2494
9594
3154
8112
1501
5800
778
5629
8786
2976
3243
1305
4528
719
7985
5810
2442
7260
3882
5479
5049
2716
4755
2122
7053
1861
9077
7720
3688
8055
6224
8341
4710
1753
9657
2716
8337
9537
4592
7462
5156
6822
8869
6281
9086
8746
6876
6644
2649
7027
3998
8505
859
3482
2082
267
7149
5479
1227
5465
2698
9899
2691
7530
2762
7327
6072
7802
9663
8123
4486
309
8191
8266
4741
3394
4771
893
6228
2338
607
6078
8294
4121
3555
9063
3212
6333
3217
7330
1123
8431
2496
3971
1295
295
3936
9876
3303
1827
3470
64
9715
2817
75
7746
5571
3163
3143
6528
7778
4195
5204
3539
4331
6720
8376
2570
8634
5017
3730
7038
3749
2225
2737
3399
8620
9299
2561
4096
8335
6190
1176
8615
9231
5730
2799
8536
9384
6284
9188
5307
7421
9008
2367
1372
212
870
148
3562
2994
4807
3128
9827
170
7096
8199
527
2643
5462
629
1979
5927
5860
6547
7943
6147
9746
1557
5043
9211
5327
7473
7798
7981
4593
2298
4368
121
8546
8813
3585
3407
6910
123
5450
3689
3467
8776
9683
1034
9034
2708
1117
1384
4284
5704
8666
6038
2119
4739
3435
9700
265
7685
3785
9210
2557
91
2918
1554
3597
2204
6166
1142
1863
3859
7561
9227
6403
1181
8875
5627
2980
9334
1934
1624
4015
2655
8919
8640
1129
6082
6551
508
4021
4633
5036
7789
5532
6187
248
4248
46
7736
2977
1633
5689
6055
7113
9478
72
1086
5327
718
6831
1474
3223
3041
5012
6527
518
7849
6081
4218
6225
138
3081
1013
4231
2861
7175
1458
5181
9555
3790
3483
442
7
8205
6096
659
452
4353
5443
5480
4762
5601
5441
8302
3643
4645
8802
8959
26
7303
4818
960
9334
6877
9104
1571
4963
9398
8279
3837
2137
900
7099
6969
3857
250
407
7581
8701
999
1860
